16710655
100269305
4244308995
4261871613
83425786
4261411582
4211475460
4294770172
100400390
4278059519
33883130
4294706178
100269827
4194565375
4277861886
16775679
83558658
16447999
4211081209
66651138
117178107
117440248
33553917
4160878840
33882366
4244440067
66717177
4294506752
33421818
4277797881
84214278
4211472899
4278257406
50658296
4261542658
4211082493
4294508289
50723844
67110397
83951878
66978555
4244898554
17170693
4278253829
67044605
4245028090
4211538430
4160816386
100399353
83952129
4227791359
33486849
33818367
66977028
4160750840
4194106617
4244242940
4278189053
16712708
4277993475
4211473925
16777470
4277991941
4177132026
66845179
33948923
4294771713
100530688
4210754048
83425537
4228252922
4261283074
4161076478
4228316678
117440258
4244375294
4261346303
83887356
4177721856
83622648
16447488
67108610
4244437254
33553913
4277993981
4278124289
16709894
4177330179
4177528572
4261675006
84016377
4261214714
67307261
4177721851
4294704388
4160880901
4277994238
116981752
33163005
4244440580
4261280773
4261149184
33621754
83950840
33096450
4228185340
100204803
4228315388
116983041
50133244
66651394
4193845756
50070520
50199301
50659064
33817599
4211342846
4261086213
4244699906
117310209
66976514
50136582
4210624251
4210950654
4211342851
4261217788
17104634
4228252162
4177262844
100991488
50529024
33227004
84083451
101057286
4277666300
4194305538
4210885113
4261280511
33227526
101056763
4278056963
4194696193
4278190595
50723322
16710395
4210557445
4294705155
84212734
4161141754
4244832504
4177263611
66911488
33421570
16318977
4211016190
83755769
33290245
83687672
196091
4261478141
84148739
4177460994
4193843709
4211343108
100203771
4194043395
4227990785
4177394942
4244899334
4194565120
100664569
33818116
4294769153
4210950144
4194502139
4160880897
66651140
117244160
50725631
117046783
4261807358
67043067
4244374269
4278584313
4194630649
33159933
66846724
4278516996
4227857923
33423359
4194172166
4227922430
33686522
83951358
4261084922
16449021
67240190
4244830979
4193976070
16252928
49873414
16711674
4210950660
4227532024
4227989759
100402176
83363327
33882621
4278189318
4194500101
4261017857
4227529734
4211343097
117045508
4244438268
4193845502
117177341
4161010950
4227532291
4278123012
4194435068
84018431
4177853444
67502850
4244240638
4244570118
17103354
33883142
4227335167
16775425
4194039813
50726146
50528770
100794877
4210688506
67502076
4277732609
117376514
393730
4194696958
4161011974
4294771205
67369465
83754744
4244306936
4244176644
100858622
4160814330
4210882809
4211016959
67107064
4210949372
4194237693
83427320
4210621696
4228122360
117046016
4278188550
117177086
50133766
4194762492
4294574841
4211277312
4210687486
50657540
4260953858
100859904
83821821
67437825
4261477369
4261218044
4177593086
4194369793
4261412350
4194105606
4244374776
4244831489
4261151232
66781189
4211344902
33620731
50264828
100792582
4278058755
66845441
50068217
4211341574
49808888
67567104
4177330682
4227726333
4211410173
4177461762
4177920509
4244242179
33881091
4294639363
4278321919
4211345148
4227594753
4211473145
4244571385
4228054777
4160814842
66979071
4177722876
16451076
83756037
4261673472
100663046
4261152249
4193977592
66584582
16385791
4278320134
67565830
129027
4228315643
66845946
83621892
4210752261
4244830214
67437306
84147710
83623677
16516605
100923898
4261150724
4244175102
50460928
4210882815
33225982
67108348
4194305029
66779899
100400377
4211473921
101056259
50658819
4211344133
4194761465
66585856
33424642
4193909753
67043588
456966
4227925243
4278254596
4294703618
83491581
33555705
4211407872
262150
4193976825
100794627
4244898052
100140286
4161013498
4228118789
4227464709
66781695
4244503302
4244634117
4261281019
4194500095
100531971
4294575364
4177852418
4161010424
4244503814
100268794
16253190
4177394437
4227922694
4244505596
50068991
66648067
101121787
4294509827
100925700
101120249
100858885
33946116
33030909
4227791099
4244372997
1542
4160749569
4211015930
4228252920
4194436604
4294443779
4228053752
4193912312
4294903549
4194698239
4228053754
66585862
33159426
4261347845
4210557439
4294641401
4261151225
4194303486
4261083140
100662786
4294574589
50200831
16253184
4277926661
16514042
49872387
84343803
4177331712
4194500858
4177264895
50135808
17169916
4294834176
4210754552
84148217
4194302459
50135038
100726784
33749760
457724
66976507
117177348
4260889856
50397189
66781948
101056006
16515841
100663293
4210884868
50398458
4177855493
4244764672
4227726585
4227922941
4211342594
4294574596
4261479933
33293825
50002176
4245027835
50593794
4228120063
33487363
4278452987
4177656834
16450300
4194633467
100530945
83885311
100596223
4161144571
4261741567
4244306693
50591750
4177853437
4227661817
4210755070
83559426
4294703106
4177395968
4211079683
4227532280
4227791612
4294965754
4160813308
16844026
4210883066
4210950137
4177789180
4194435846
16973305
50332920
4211475200
16844292
4177331705
4294834424
100925187
4227399685
4244374785
50001926
83494403
66650363
4244569852
4278453766
4244963331
4294640124
17040895
100598014
4244505089
131067
4194041604
100271868
84082938
4161143294
4177002752
4261280764
84277499
4177200134
4228315910
4211278594
100599033
83687682
66781694
33618432
117048828
100924929
4210622969
117440003
84214789
4244897023
4261346051
4177133822
4261283329
4261413118
16447749
4194304258
33620477
4244439288
4161142788
4228250364
4261806840
33750267
33357827
66978298
4244307963
67304710
327425
67172356
4244241665
4261805573
84017664
4211013883
4278519043
4261216513
16972034
4210819331
100334841
132857
4160813307
67305221
100334073
50398464
4194696193
16646140
262395
4227399939
50133246
4227663356
4228118782
4211277062
50267654
4244571903
116983040
4211407360
4244766972
4161141244
66585600
66650111
4261280512
67436548
4177068803
33818115
4244634364
83624698
4278189056
4177918463
4211081986
4161011459
4278386181
100923908
100139774
4294641156
101121789
33489408
4227530234
4277666048
117243898
67044864
4244701182
4245092606
83821569
100204803
4177789440
100205568
50070270
4278060536
4177459707
49809144
83690237
33880070
4261411585
4193976572
4177787904
4244765186
4244963323
4210621438
50267899
4194631166
4227594246
33093637
84279037
16646661
33749762
33357304
50723846
33683969
116980732
4194434040
33618172
4177790458
4261412612
67370752
116981247
49808888
34011390
83689473
4227726589
50528006
117310464
4193846022
84213508
100466178
49937158
4211211269
4261018109
84083965
4261543682
100333816
4194171641
4278517504
4294508286
4261150968
4194565886
117113604
4210755325
16581630
4244309754
4210624252
33225983
16516088
16254462
33552893
84149762
262143
4160881402
4261347331
16647171
4194370298
4244768001
4277731846
117310714
66975993
4193912312
117438723
4177462520
16910078
4244175867
4177527296
66978305
16972036
4193912067
4277928701
4244240898
33421317
4177263353
83952899
67172864
101055748
4194697730
4294574593
67370490
50200314
4194696962
66979328
4227528960
66977533
33227265
67043834
66977280
4177329158
101120508
50461436
4177921030
33358081
50267651
4211016191
83427322
67176188
50725381
4194695676
33684476
4278582784
4177264121
17038079
100991490
33882362
17106686
4194567426
4227661560
4261871354
4211014404
117178112
761
116981755
16580862
117113089
4177133564
4211343610
33162750
16777467
117242371
50789880
393471
16451073
394751
4261675256
33620996
17103360
100464643
4194370049
50068984
33752058
4244571385
100729602
4194762746
4161141754
4211080453
4261214461
33423610
83558392
4261217529
4160881146
4211278341
33094403
4261283326
4194108421
100859901
4227531265
101120761
4210884605
33949182
33423609
84277501
4277994750
4244177156
83884034
117111558
4210883579
83820293
100926456
196857
4228056569
4160944636
4194042878
84082946
4194173688
4244633601
4177067526
4228119812
66913542
50527233
4177132034
4194436348
4277927416
1786
50527489
4210818298
67304699
4211538437
50136315
100991737
4227792890
100597765
4244634885
4245027073
101121784
4211539715
83494651
16778234
33358329
4177132288
4244766202
4278125053
4227660030
4193845755
4278519301
67567357
4278189053
101120518
4211345147
4211407360
4294705921
4211212542
4278385663
4244243456
394491
4194630649
4277928186
16711682
4227921924
83688192
66978553
4278320121
4194433785
4245030149
328185
4227532037
4244373757
4244637180
4261086720
4160815359
4261411323
4245028350
50789633
117243906
33095161
83951098
100139513
117114617
16319746
4261478650
16778754
33948932
4294506499
83950588
4194697729
83952386
117112060
4177656322
16973562
100728580
66910714
50330110
4261084923
84212228
4244568582
4244372486
4261216772
50722822
33095170
117309441
4210948602
4227400190
66781181
4244240635
4211408124
66817
33159171
100465658
4244437504
4227856388
4278254076
4244635141
4277929219
4244570374
117375749
16646402
4261740038
50002180
262661
49808384
4177133312
4294443775
66845434
4177264897
50527736
4278124545
100270584
4261086213
50658049
67501574
66650617
33684481
100336901
16843520
116980475
67044096
17037820
4227988230
4160879108
4211080440
4261739007
50070012
4194173190
4227663356
84016888
100992005
100270852
4278581760
84277756
4211277048
4211474429
4210950397
4160813560
49871616
4227595267
4261020166
100466691
4210623235
4177394950
4161143299
4211409669
50002949
66715645
33226241
4227924218
4227464955
50070786
4244437763
4244831745
100465923
50461690
17169924
67044352
4227661564
4244702201
100861188
4244700931
83622141
4261544440
66779395
50789890
4211410434
4227793157
4278191106
16843773
67436803
4177394438
33293830
4228316152
4210622458
84148485
4194304769
4210622974
4194566399
33620986
4244176378
392449
4244899583
49808124
33425145
129792
34012933
4177593848
100271622
16579841
4261217789
4228250618
66779136
17038854
101057537
33225723
16447996
4194501634
4177787391
84017154
83950337
67437311
67372548
16776697
4278385659
4194434810
4228185602
328707
33160707
4194174457
4278386180
4161009915
4278256644
4244244221
33487106
50331392
83623429
4227661048
4211473668
4278059521
4278647296
4261477881
33883141
4161078789
4211406850
4177855747
4177856252
4228055814
4244241917
4177526520
4177593592
66649855
4278584828
4278256632
50136582
100990715
84212741
4244699654
4294574593
33620742
4278125316
16841985
33948420
4160944384
67109368
100728575
67305209
4294965500
4260889603
4227530238
4194237446
4210818554
4177003779
33489924
100925691
17103363
117310714
4278450946
100727809
4261807108
4261347583
100859902
101057273
4277730558
131328
16645632
50395136
66845181
83886849
4177790207
4210950143
33159932
262661
83689721
4227529982
117048582
4294509059
4228249859
100662011
4244308996
4261020926
329466
4210624006
50004218
100334597
4211211001
4278254852
4261084665
16975359
4211213305
84016643
83885305
4294506502
50071035
4244505849
67307002
4210819576
83949823
84081156
4294836475
100664056
16710911
4277862918
4244897540
84083456
33357828
67369979
4193974522
50396667
4211344639
50461691
4194436096
16516602
66912261
4244308483
33488134
4261018373
117375493
4278255608
4211276805
4177396222
4294572288
4277991928
4244439557
100991233
4193910016
100596732
4177526526
4193843707
33424644
66977022
2
4261020418
4227530492
4210885120
4193844483
4278191358
4227661821
4194630149
4194696445
67240962
4160813312
4261150973
33094653
4177852422
4211344888
100661508
4177525508
4294770943
117179128
4261086212
4211344381
66651652
4193912070
100926982
4161078014
4261609977
4211475716
4244766469
16385017
117374981
83886589
33356284
4227859192
84212477
4211343617
100336892
16841730
16319230
4194043135
83755526
33553409
4228187131
84147459
4194500863
33356537
33489656
4244242433
100727811
84015871
4245027833
117179641
4227990529
117111293
4194434822
50529286
4244636416
4277731838
4261543416
33881085
116980473
33555704
67107845
4161140998
100533758
327676
4277667075
83687680
33227263
100399354
4211211774
67501308
4211211257
4194434817
16579066
4294640125
4
33749505
4244242693
66911481
33946875
4244830461
33488897
4294834182
4161141249
100464889
83690745
4244111365
4294703108
50723577
117376511
4161010946
4160881669
83755013
4211277818
67436281
4227596799
33162239
4177854716
4278647291
33815291
4278124280
49936387
16382722
83362044
49938429
4261871611
67241469
33881603
16711427
4261280763
100335358
49872639
67566335
33815043
67174908
4261610758
4228250884
4210620678
33224954
33749760
67304187
83821048
4194108670
4294444030
4160881665
50594040
4260955653
4244175615
4277861894
100532477
4294573560
33684990
83491580
17170690
16382720
16382463
116982781
4160751352
100467716
4177329405
84277499
4261084162
100664834
4194435321
49939968
50332927
4227400192
4278059259
4194303736
4228316162
83428349
4160750846
4211213823
4294966783
100269304
100530178
4294575096
66910978
0
84146941
4261347834
101056000
50660090
100270846
4261152248
4228055045
4294703617
4244175869
4261282815
4278124032
4177068288
83558145
4277797885
4211212545
329215
4194106881
4177134845
4194237190
4244898304
16582147
4227530498
4261348345
100990713
4294637568
4194434809
4261214712
4245093880
4277861630
4260952317
65281
33488381
83559170
4194238973
16578819
83755778
4244178429
117113852
67436289
117048570
4278122754
33093886
33881592
4244307717
117111295
33488902
66585595
50200058
4227794685
4245029891
4278582266
16647428
4277798398
66651390
4227987713
17168387
84214781
83427839
83688198
100925432
4245027832
67372282
117113337
4261083654
4194501117
4277992708
4277667581
4211475706
4227858694
4261084157
4261218041
4277730811
16316417
4211144961
33880314
83493122
4211473406
100596992
4227464955
4177002501
16908032
129025
4161079032
4277994747
197638
117046017
67109125
49808129
4210948605
17234175
84080894
50659326
4228250117
117112580
4211016703
4261217020
84280056
4227660037
4161076732
67108614
4194172160
4278385145
100728321
100664574
4244439301
4177854210
4211214075
16579066
50332665
4244504314
100205826
4177330939
4210558717
16841730
4160946436
4194237694
4210817274
4261412358
33816314
4194699004
34011645
33620731
4277928954
4278321668
16448761
17040898
100859135
4294706428
50660613
16385021
4244897284
4194367491
4244242179
16709635
66979578
83885828
84149510
4227466749
117308160
33883394
67239942
4177919491
33815813
4244307454
117048059
116980739
66847227
83556870
50071042
33357826
4294573823
66648325
4294836731
33356541
4294902786
67370502
66563
4194238465
195835
83886078
4244832774
4294704388
50659837
4177069819
4278583045
83558403
101121029
100205828
100924165
4194433540
33751544
263422
4228316923
4177592066
16450815
50591998
16709887
4194499070
4227529212
4278648575
4294966783
4294638336
67042305
328196
4194106361
4177328893
100401148
4227399163
4228185350
33686776
117178617
83821573
16254468
4193977854
4277797630
4161143548
4244700410
4228317182
33489157
4245027066
4177854459
4210754816
50133252
4228316165
16382976
100795897
4245027078
4227596030
4210951677
4244503046
4261020668
66846725
83427576
49807872
16776961
194811
325632
4161078782
4210556933
4193977849
50199555
50657786
16450818
4245028345
4260955896
4261608195
4227400704
117376766
4194500350
4211538682
100269052
83819013
4210753794
4261347333
4160879358
4177198082
4244241403
4227794425
4227726585
84017148
50526982
100990462
4194369018
4227531003
4227859201
4277797120
17171971
4211148538
33095428
33291006
4227597058
4161144065
50592250
100925957
50527487
4193909764
4161142017
49808121
129541
33096445
4227990265
4160881658
4211408888
100858361
4244439813
4228122106
4244768504
4278125048
66976001
4278125058
33947131
16450566
100204282
4294573060
4194762244
67109889
33421569
33817090
50005248
4261085955
4210620924
4244306684
4228056313
4227334662
117374205
4177788417
16775929
4194566136
4244571394
4277862145
4177722616
4161143810
100334849
4210884612
67042306
4294770428
101058299
49872638
4261804037
4244896252
100468221
67174395
4210950913
4210687481
117046523
117048313
4278518014
4194435841
4194039810
4177921283
117439745
4245028857
100269306
84083205
100989445
16383739
4227398397
4294703618
4294900984
4261149944
33684225
4244897276
4244307970
100988929
50724095
67566849
16516351
100729862
117177080
100467455
4244766726
4294836219
4227990784
4227529473
4294903289
4211013885
4211538949
4261611004
33751039
4194368002
4194566403
4278450178
16317189
67306755
4177985028
33161977
4278320902
16778500
83753209
84343297
4294770179
100530938
16253180
50527997
4228251653
33227267
84213507
116979718
50594820
4227660033
4177787650
393729
4160814588
4244570109
83494400
4244243197
4161075715
4244306942
100140285
4294835961
4294771967
4193846528
16909054
16843002
4211343618
83362560
4227401469
33357315
67503868
33880324
4177395452
4193843205
4277731072
16844026
4227594488
4261020934
16844536
4245030146
4244504325
50595332
4277729791
33031684
84016899
100334334
33358336
4177721849
100268543
4244831743
100203256
33293048
4161078008
4260952824
4261542904
4177197318
66713852
100271108
4210886146
4228119042
65025
4194565370
117177595
83623936
84277251
67372545
4277731320
4261283323
83952379
4177262851
67566595
4211410169
16514558
4260954367
100335354
4227922941
4261477380
4177330947
4261281539
4294835973
101121274
83690238
4278583038
4227859713
50201849
4194041604
4177329661
4161012218
4261152506
4227726335
100991225
33292539
4277993217
100992262
4210950660
83492603
4260953084
4227660287
33162744
4210883584
66978297
33159682
4228118532
100466171
4294509318
4244506365
4244240385
50660099
4227398658
4244436996
50398464
33751298
100730370
16844287
4244505859
4294771453
50660612
4227990014
50202112
4193908989
4244308219
4227794180
4177003513
16645125
4211473410
4227466498
67438078
4210754053
50133241
50789122
50004229
4160946168
4294575616
4194042361
4244175353
33159169
4278451970
4210884094
4211341315
33554169
4210688000
131072
4194564609
16385282
4261740290
50136323
83690755
16644858
16907012
4261610492
4161078526
4193975800
4261413373
33882621
4177069061
4211475448
4294639616
83886847
100989185
260857
50594563
4177787385
100336126
4244502528
4294836737
4227398395
4210819835
67041784
50134533
4160813058
117047034
4161143801
16514306
50135557
4261609725
101054976
4277796861
83624708
4177788673
4227594758
83622149
50723584
4194502139
4244241660
4278189830
4278191871
4177723142
4294704635
4244767740
16975364
4278191101
4211211014
84017151
100861438
50594301
329467
83492093
67042050
4210949118
4278585082
83557888
4194499071
4177590532
67108860
33161729
4294770436
16385534
4211409914
33815546
4278321669
64517
34012921
4278584831
4177788161
4227988218
4278057210
84017666
83950849
4244895746
4194761734
17235197
4211472643
4244505605
4211147258
4261281281
262396
100861186
195835
4228184313
4261609724
4211081473
4211080447
4211407608
261370
67241217
83559426
4261673220
4177460225
117048063
66586110
100335868
4211344639
50267388
4244374534
4160947205
83691006
33552889
100661763
4227529978
50134022
16385279
4278059774
33096704
4211080190
4227597819
4244831747
4228316152
4277730052
4161140736
4244374524
4177983750
100533502
101054726
4278516227
4278515970
4278188549
83625212
17105666
83557370
33291004
100795899
4194499590
4260954369
101055993
4227660024
84278271
16778754
4210689283
100402941
66977539
100401144
83754491
66649336
4244699386
4227859455
4177132798
4194566650
63490
50133248
4261410819
100726789
66978046
4244504314
4260954874
33228285
84018434
4227794174
50595576
16385026
4194367743
4194501368
4228184830
4228187900
4261345791
83951877
4194501113
4227857402
66648317
197380
49808636
4278516998
49807364
4244766201
4177592066
4177659645
4294902784
4211407110
4244767489
4294965766
4277795320
4160880645
83425286
50529536
4261281541
84214785
4194564608
4210755068
4177918721
4244569606
4244634117
50329857
4227530246
17103622
100530685
4277993976
117045765
4294835459
50724602
4278582533
4211016446
49874179
117179907
33815805
4228185855
33880315
100532729
66715650
4211145475
66585855
117245189
4278581253
4193974530
4278253573
50595075
83820537
17169153
327678
84212739
17040645
66978301
4244765690
17104890
4177656835
50069243
100336637
16383742
50526968
4177459461
66979322
33422585
4177066747
4277798146
33030397
117375992
16974851
4160947450
50396413
17103358
4261018882
17234176
4294574840
4211407359
4278321926
100402175
4194435840
4244439550
4261215746
4227989241
84214015
4194632190
84018436
50594308
197370
84213498
4211538942
4160945662
100727302
33556216
4160750076
67436290
4261281024
4244702716
4160878845
16709892
4278191608
4211343360
4161141240
4261086972
16448773
50200325
4227595005
4177199101
67567110
4193843448
4244504582
117112066
4194368509
4161208068
33686532
4228251644
4211408639
4227925242
50461945
4211016961
50202365
4210754556
4227860218
66714874
4194500351
83491832
100401920
66781952
4210754306
83363332
4244374779
4227663613
4177131769
4277796862
4294903289
4177788162
84343557
4244898822
50789883
84279803
4244961530
16582136
84148218
4211475961
17037817
4261411590
66781956
117244923
4194238205
4210818552
66912248
4211472890
4160881670
4244307715
17104124
4294640900
261376
83687686
4210686978
50595323
67369724
4277798406
4261348607
4278191871
4278319609
4278584325
67371776
4294771199
4177722113
83624440
100598009
100989184
4177067012
33553145
4160751359
4278647552
4261413120
50133500
4278515973
66911747
4244112894
16644607
4278188283
33228282
16777982
4244503545
17233922
4177067256
4193844223
33883644
100467193
4294769412
67240445
50200314
4177659390
4194304510
4210819836
67107582
4227727360
67175168
4277797373
4294836988
4244764923
4227923193
49937407
50332934
4278516993
100271366
33225990
50265345
84015617
4278190085
4211538684
83754758
4227399168
4261150721
4177723905
4261019650
392959
4161141505
84343808
66585849
4210557182
16513785
84278010
4194697733
4227987704
17234172
4261084153
4294443010
66651649
4227397887
4194369020
4210557690
4211343098
67307014
4244767748
4194370302
4261479171
84149759
4160944128
83952637
4228250886
84082431
100992515
49807610
261626
4261412864
4177066752
4294641406
4261805574
66977531
4294769154
4227465979
117178619
100595972
100859140
4194170880
50396664
4261019905
4177921020
33488133
83622916
4211475705
4261414402
67173123
100530428
17106168
67042299
4210754817
4177264388
4244371715
16450304
4261741311
4294768643
4228252672
117438972
4245027069
33684740
66649603
4278319612
4210883066
4177460221
261632
4227531772
50396675
4160945408
4244502784
4194369540
4261477125
4211342328
84082942
100990977
117045510
49938437
33162747
16451076
50722819
4177131772
4260889339
83559685
100793592
4261739261
33356280
4278517753
4194434561
117373699
16319996
4277798398
4211016445
16316925
4278321411
4244962309
67436795
83953146
4160816120
67174915
4278517253
84017153
117375737
4210558209
50594811
4194302716
66846209
4210948603
4193780482
4177590525
4261411581
4211344635
4160749824
67043077
117046017
4261674744
4261280255
4278190587
4177722878
4261020667
4244896254
33355780
4245030392
4177590778
16906243
4194238459
33357057
16318970
84015877
50657282
84279548
4278256894
100926467
4244765189
4194760706
4261806084
33749508
50725122
50395642
4227727619
4194498562
116916225
67106818
84214270
33948155
4177723647
100271096
4261411842
4294574845
4177656070
4211148283
4228186881
4227924481
4211276536
17170949
4211409667
50069249
17103100
4261806074
4177590783
33749248
100861691
4211473402
4193975809
4261740288
4211406850
100402683
83362051
4177657862
4210687744
456962
4177200643
4260954627
66911741
67501304
100663044
67436805
50724345
4211016958
84214788
4194237176
100925186
4261806334
262395
1018
4261608703
100271612
16909307
17171966
4177197817
83426558
50264318
101054978
100663809
117309702
4211409914
4294640633
50396666
100140792
84211961
4194043390
16580090
50135296
33358592
66978047
4261020422
4161076230
4261807354
4261214972
83559420
4161077501
4244176633
4277862913
4177200378
129784
83884797
4227792642
4227989507
4194371075
4261741306
84211971
4261347322
4244112126
33553663
4177329922
50462206
4244306178
33425146
4160879614
100598785
100663036
4244765694
16252930
117372931
4177133049
4245028613
17038075
4294704634
4244242425
50527744
4294903046
4294966528
4227464442
84149510
4194435840
4244830723
4194436608
67369725
4177460483
4177723643
4194107391
4244372229
16712707
116982527
4227398652
4177526789
4177131525
4278452735
4194433272
4160814590
100860166
33489408
4227661312
4194499836
4227987714
4194304260
4277861637
4261479429
100663296
4194629636
4227988738
4278450947
16318726
4228122363
4278125304
4161075448
4193844990
33554425
4194760959
4294706940
4261021179
117179901
4294509819
4160750840
50594296
83884033
49870853
67109116
17040897
66976764
4261608963
100989184
33094912
4244374015
4193976061
4177856255
33159416
4194172152
84147962
117111046
4211472385
4227726845
4228186363
67107587
4211082236
50461437
4244897024
4227859450
4244701177
16908030
4194564350
4211473145
116983045
117177089
17171973
50266106
16514815
4261478911
4177592326
4294769667
100530182
67565829
4177004030
117243134
4210686203
100206086
4228184572
117309442
4210752249
4244701183
33423355
4193844222
4211407097
262398
67042554
4294771710
50724861
4278190077
4227923710
129537
4227662845
33031164
49937915
33424125
50526980
4294507513
83884291
4211213562
117438720
4194039812
4227923203
4211538181
4244768510
4177462267
4227531525
4277796607
4227399173
83821570
50329851
16578561
100205823
100858106
4194565116
4177724165
16253954
4177199618
4278060282
4261018368
4211211771
117373957
117374467
4261871615
50723072
16578814
4278124281
100926718
84147709
4177983996
67107332
4227532539
83887102
50398213
4244898556
33684217
4227794685
4228185860
4227859973
66713606
83362042
16906748
4194174466
100729340
4160813821
4160946171
4227726584
83558661
4261150201
66650104
4244176133
4177592570
49872896
4294705918
4177200888
4211279109
4160816124
100793605
4261870338
4177787389
4277667331
4261412353
4210621954
4193910266
100204025
49939972
4278584571
4278581508
4228184833
4244962042
4278189563
4261086459
33945850
4194633221
4244699387
84214278
33882118
4278387449
50003202
100858616
195077
84215544
4261083650
33424122
16647674
4210951684
4210623740
33880573
50657793
50725377
4160945411
116917753
4244440312
4210951673
4244175876
84083451
4261086205
100599550
4228251899
100530694
17168900
4278253817
33159430
4177592064
50594047
100466428
50134781
4194629889
4210621186
4210886393
4294572543
4261151743
4193844731
84018432
16908797
394494
4160879109
100990465
50463483
196860
100729085
4261479427
4294901248
50660864
16449785
4278059525
66649088
4177592828
4161010177
4278516994
84342788
117243899
4160881659
4261348605
4294638589
67045115
4160947718
100794108
84146936
4244898309
4278122752
83559677
4194632955
16448516
16908290
4227400956
4244437760
50527996
33490172
4194697217
50067966
83622137
83689980
4294575610
50396923
33882106
4277795577
4294704381
4244372223
4193846531
4294836483
4177855748
117243641
4211213310
393473
4294965759
67438085
33751301
4261611009
16382200
4211013638
50790136
4294836477
84149502
16711932
4278450941
4294706181
17039099
84279811
117048833
4211211000
67305478
4294507513
50594052
66586112
4194240002
4194567173
4278583301
84148987
33815288
4294507523
4261414406
100860933
4211473154
4261477885
4294507258
4177460985
4210948346
66649603
50526469
4244766980
4160945411
4193844484
100793340
4227923462
16450045
83559173
67109888
4211279100
4177721857
4244438021
50593795
4194171142
16385533
100923905
4210885624
4294704900
16515064
83559422
4194304767
34012672
49938950
4244637190
4211146502
4177329154
100532728
4161009913
17170180
84082945
4194237189
509
4245029375
83756792
33160451
4261084928
4278581501
4210949368
4211407613
4294573309
4227660800
4193976828
83690493
100793347
16382973
4177722365
4211474168
4244175876
4177855235
4227856385
4261869570
4194041082
4261280515
4177984260
83493626
4211080449
33162755
66976257
66910972
83427075
100335110
4278123776
33620472
4228121091
66648313
117309696
4278386174
66781699
17169919
100598268
4177133819
4244962049
195330
4244897272
50528248
17106176
4177656829
16841725
4244243712
17103106
4244371971
4228120059
16777988
16842500
100860421
101056003
50265602
66042
4194238713
67172870
67174148
4261412088
4210886137
4260954885
4211407097
4177331200
4194433274
4227859199
4177133318
4227922434
50330372
4227988996
4160947964
50789627
116980742
67305220
50658052
16841213
4177459974
33815291
101055487
4261871101
67370756
16775675
33293564
100992005
4210688516
83624698
4294901505
100336378
4261742077
4244504829
4177722886
100334586
117308931
4261412353
100333573
4227596027
33096452
33883138
50002950
64255
33226748
4177921785
16254464
4294639353
49939960
4161143803
16778501
33031933
66913530
4245029377
4227860223
4211342584
4177459965
101057796
50529796
100402943
4160750595
33750786
4161012734
33228542
4277795589
100597755
132095
4260952831
4161078012
4227663615
4194108928
16909830
4277730308
4261152251
33619707
4294902268
117375743
4244765951
4194760707
33291782
16581628
16316667
4277926905
16448002
4228250886
33489413
4261739773
84278785
4227987460
100662780
16844284
4277928449
4294703868
83363072
4244964608
50398214
67041788
4211276536
195844
4177788676
117177596
16711675
117242364
33552642
100271867
4278385916
4177462533
4244374783
4261280002
100794879
16449285
4160879098
116916226
117376514
4177198585
129027
4244177408
4177330171
84016645
4210752773
4227988474
4177656315
4177658116
4277862907
4244569601
84083710
4194434047
4278124034
4244308737
4294639617
4193977859
4227530240
4244438019
4227398401
83887621
4177004031
16514054
100595963
100596479
117047296
129797
33356282
67109117
83362822
66977538
4211211521
116980736
84280323
67043333
100989446
4277862393
4244176636
66975747
67239941
33948671
4228250885
16581633
4194630138
4211147515
4260952829
100794110
100794365
100990463
4227597818
4210820606
4227990270
4227463416
33291524
33159430
84083717
16711934
117374457
16382717
1023
100204284
33357312
16973817
117114623
33030651
33619704
4177459972
117374469
4278321413
4160879103
33948934
4261413376
4194498809
4278320388
49871356
4177789689
50463489
67371782
4211410435
4294834941
33487608
100336892
4227398658
100533506
4161143042
4227727102
4294706181
84280831
4210885379
83492610
4261085433
84148483
4228253187
4244112644
4194499330
83755780
4278647545
4294507519
100401662
4177067012
16580356
4194565373
16580856
4227727871
83755002
49873406
4177789954
66780674
4227400192
4278320636
4261738746
4211014399
4278321667
4177526268
4160815359
4278058489
4277729795
4261412346
4161142781
84081670
263425
4177068795
4210949112
4177004028
49808889
4245092868
4227792380
4277863163
4211210497
100334333
4244438267
83427329
4177657851
4227792896
4261804548
117111811
66913541
66716156
67503366
4211079430
33159677
100596733
117310972
4211080702
16842747
4210951169
4244963066
4193911290
4261675264
4261019392
16382969
83753978
4245029375
4227990017
130566
83688698
4244177149
66779645
33356548
4244964344
4244175617
4227728131
33487867
84080644
4177396992
4161075970
4245092861
67041784
4277729282
4211148284
67369727
66978822
4211409661
84280326
83887871
50659320
4294900472
4261281285
4278581765
4194238463
33490424
263161
83427077
4177920260
4244898300
4211474693
33818109
16972037
4261806073
326149
100140286
16841980
66586105
100140024
4261411334
4161076736
4294509060
83490819
4211015674
4194370811
100598267
4278255609
4177263873
17170177
4177985027
4177527040
66713858
4193974533
4278060547
33489157
16578815
4261282054
4228251396
16972537
4261281790
100202747
4177788931
4278254336
100467965
4210622468
4228053505
66713856
457475
4244440831
16645368
66910465
100204285
67371782
4294900226
4227792389
4210753028
4210948604
100599039
4294506754
4211539710
4278451973
4194172931
4177396225
4177855483
4177658109
50789118
458236
66716670
50135807
50005497
4160814595
4160944386
4177330690
4244832517
84084222
17170949
4228056582
4228252932
4227791354
4227988990
4277795841
4227925758
117373944
117047545
4160947448
4161143553
4228122361
4177393914
4244963322
4294506752
67042048
84015354
4277991935
4244830461
83491839
4294772224
4161012990
4277730053
117243640
50528504
4261544954
4278254590
4277860857
50657537
67435011
83819266
33619974
4244439294
4227990021
4261214722
4244701699
117111554
4210623227
4261346301
50004736
4294640133
4177592326
4211277050
33290745
4177787141
67566084
4193909241
16513792
260358
100926980
4277798655
4244437503
4261870596
4244242693
16975097
33490437
4294966266
33752059
4244437247
4277928188
4193844733
4245028602
16514822
4294638075
50726406
33948419
4244242178
4177067264
130040
4211472889
33359110
4177854715
33161984
33162237
4227662331
4228186884
4227597062
50267641
50069766
4227858425
33685240
4177984005
100861688
4194566147
50002947
4177460218
4244569088
33749251
4261478397
4245029884
83622395
100793859
4160750334
16841214
4227531514
4244896766
117375490
4227530246
4160947718
33093881
4227792890
4177722118
4228250118
4193845761
66910469
16908287
4177723142
33815291
4194173437
16843768
4227791104
4244633855
4161078786
83885830
100662776
50267645
100597754
100534015
4227989756
100663042
4278647550
16319232
117046270
4161010691
4244833026
16580346
50462462
4294638584
83492614
4211276292
117242360
4160815873
16646139
4278516216
84148986
4244437496
100726790
101057029
4210621691
4194434811
16843779
84081656
4294769664
33094661
16974075
66782469
83952897
4278517764
50397185
4278188290
16775678
4278190590
100792325
33292032
4261282049
50329851
4261805817
4278451707
4294510334
4294443773
4194565625
4160815365
33552893
83887109
100991481
33162233
260604
4244307718
4294444287
4210753285
50724089
4277863419
4227661317
4261673981
33815046
4261676541
33030662
50396928
83887101
4244831224
4227660802
4278647289
4211213560
4211406849
50133757
67368962
100596217
50460672
4160813316
4294770438
67108345
4244637433
100400377
4228249848
4294572543
33356799
4210950149
4194237181
4211408380
67436032
4211538438
197112
16515066
260358
4227595512
4194564867
4294901756
4210949624
16711418
16581889
83494404
66977272
49874431
4227466239
4193976572
4177197574
4177264377
33618947
4244505852
4261217529
4277993216
4294509563
392697
100203514
4277993209
4278519292
33751035
4193844736
100859907
4193976057
16776191
4294836730
4244440056
16973568
50659836
67175928
83689467
4244570363
4261281023
4177593086
16844291
4261545213
4244243448
262914
16385531
100532480
67107843
4194564865
33684479
101056001
4177068793
83952132
66911238
33620734
4227662339
4244701947
100730108
33356795
4244242936
4277796602
4193844729
84214012
33882116
49872123
4228250628
4194499587
4244831482
67239429
4210688001
100991744
100466945
4160880122
33880315
4194632708
33621248
50201852
4228184572
50593282
4194171129
33293052
116916480
4294901508
50463482
4211476222
4244176132
4261019905
4161207038
4177852925
100859642
4177659646
4194501118
16778756
84015104
17235201
4177330682
4244899582
198144
33750014
4177331714
66780677
4194434561
4261412099
4161140736
4278452742
117177855
4177921790
4210687235
83753988
4210558718
4277992966
4177200379
66846207
33031679
4294507002
4193910786
4244240890
4194696954
67044603
4244635910
4227726084
4261152252
17170426
83557630
66780165
4261348870
4277994236
4244307709
84147960
67303939
4177069313
117047544
66715899
33751032
4227925244
4160816121
4278648058
4294637821
4194631424
67566848
4227991034
4277732604
4227595008
4161010435
4161076229
4261544196
4227399674
33554683
67503357
83559939
33423362
4177593348
4194171384
117440003
4244701695
4194304511
100925436
4177656324
67107066
33684730
4177659389
4194566908
4261084163
4211475193
4177263100
4177135100
4294444280
4294507776
4194500601
16646136
117375236
4177197823
4261216767
4244242682
100924677
33553414
260100
33096186
4194303745
101120769
4177068799
4260953343
4194173696
33881603
67436025
33618689
4227663097
4210752253
100727032
50198533
4211210494
100599294
4177066499
4244634616
4261674233
17040642
66042
4210950137
4210951933
4177262840
117243641
4277730817
4261478144
4161208067
100661250
4278584064
4228252421
4228253189
4244372484
49808888
16383484
16318203
456707
4210622212
4227792896
4161010949
100465158
4194368004
33225989
16447744
4194370564
394233
4211148288
4227857404
4244768507
4277666306
4261020155
66714881
4227924738
33815043
117046781
4194041852
4261347589
4177328641
4161012220
100662786
4244371708
4160947713
4228053244
4211015672
4177657851
4261083649
50198776
4177659393
4294901758
4277796606
4227597057
4211279354
66913784
4294835458
4261215483
4261676542
100596735
17170940
17039108
33487097
4194695426
4227728902
4194369280
4211539195
100989177
4294703615
4177003773
4227335160
33225471
4277926916
4177132800
4177656324
4244569083
4244306683
4278452227
50789380
16317187
4194304513
83820024
4244374277
84017153
117113091
33880826
4244243707
4194301954
16777472
16777221
33684996
4227991295
33031164
4261738756
4193844742
4211082501
131844
50461435
4277863676
4194565124
67371781
83493382
33227002
4211080447
83953154
4245027844
84084225
16384510
4261019133
16316669
83887105
4160880891
4261346818
4261806846
117309693
4211210749
4244505086
50592249
4278125062
100530431
4193910022
4177265156
33161728
4161075448
4278320888
100861693
4261086208
84015872
4193846528
66979064
4277666309
4177131524
16909055
83426559
4244701957
84344317
4244766461
4294900736
4244965116
4244961790
4227791360
100664061
33620998
33488128
4177854720
83884032
33160448
4211081476
16776453
67241726
4228316416
117374213
4228055297
4244438788
117047810
4278189819
4227662332
4227597062
4210949371
17040386
4227859709
4244963065
100271615
33621508
129541
4161011966
84149245
4227597053
4244177410
83559164
4210820856
49809150
4245027587
50788858
4193909755
50462723
4278059001
4177525753
66649347
50068221
4277927682
4161079034
4244961796
83623170
4228054022
4244306168
83690502
4261411578
67436543
327165
16644102
4261676794
4194042627
4193978104
83755257
4194042873
4194237948
66911235
50395905
4294902010
4210752765
100269562
4294704901
4278188550
67173123
100727301
100992511
4261345534
4261544449
4210949636
4228121094
4161078781
17171462
4160946437
50461949
67502331
4177067268
4261870075
83362043
50396415
4211474169
4177984260
100140028
4261150719
67371269
116982008
4278451717
66978559
84148735
4177396475
4227793406
66585083
33619456
117046521
117308165
4227400185
4227531769
4194239488
50594559
100204797
117111546
4194040313
4278584058
4278254079
50069752
4261085690
4278188293
100990714
4228119549
67307256
4161010426
4194632966
4228187386
4194107641
66585082
4227466497
50397179
50265862
4211279362
33882110
4260953346
67175425
83559679
4277929720
4194171909
67567366
4193908739
4277729280
17104640
83558655
4177985280
195071
4177655810
4161076230
67503608
50788866
66978554
100927227
4294837245
4211210757
4194173179
4261542660
4177331197
4244111875
4177853946
100992255
4161009926
50723070
16514042
100792825
4194041348
33159676
50659836
4294703355
4160879868
4244505862
4227725568
49873916
130052
16841979
50527491
50004225
50593785
4261608440
33422593
4227857154
33752824
100468479
50660090
67239420
4227596799
100269820
4194695425
4244308480
4177393921
4261607679
4194697218
16975614
117309439
17039366
4194433276
4260889347
50264830
84018182
4193843974
4245027835
4245093380
4278060292
4278257400
4261283323
49874179
4294509049
50397181
4194304254
50330623
83492089
4261543937
4278253574
16972038
4194499844
4193910528
33751034
100858876
117310469
83428095
83886843
4244308218
4261280766
4193779961
4227856898
4244962565
393469
33618436
100925188
117242879
4177725177
16973828
117244413
33751809
50529284
4261347072
50069510
84082428
4177724415
4194108932
16972286
117440003
83819774
4244177663
33619455
83689209
4194238976
4211409664
328190
4278060794
458233
4227528710
4211407364
16840959
4177133311
50658810
4227596283
66649848
4228055552
100728582
4210950652
16647162
457473
4194498817
4194498811
4161142522
4193847034
4194305533
84018938
16777478
4228252153
83428611
4227988473
4177395450
100599547
83557116
4227595259
4277794820
67502846
116980735
33358840
116982790
16448253
33096966
4261084923
50463999
4194696440
16975359
83952132
4194369533
33552892
100595962
16711681
4194108930
16974081
100662788
66977275
4227922686
66976514
4194303485
50395645
4227923966
4278581498
84279813
66650877
4278582786
4211016192
4261149952
84149756
4227726587
4227728130
67304704
50592773
4193908992
4211475974
4228120576
4278256383
4210754820
33817853
4194499843
4210882819
4194565122
83428608
4278517244
4227660805
4194761219
16319486
4194040578
4261676540
4294836739
4177331205
4244767747
33293825
117243142
83820038
4244702717
4161012737
4227726851
4244177410
4177330434
33618942
50068484
4294899960
100335103
761
4244964097
4294903040
4261607933
83687681
67174918
4278319357
16908284
17169153
4227596290
33880830
392443
4211538950
33881339
4278385661
4227794687
33031164
33488639
4294837247
4227727099
33358590
4227726585
83428608
4227859713
4211538436
4244505340
17040891
4177395451
4227661056
4244765956
100139256
100596223
83493630
4227989497
4177657091
4161144326
4261740029
4210884856
83362308
16973574
33161985
16644608
4261215493
100400378
66848003
4161011457
4194040574
66648324
4244440830
100727807
4244373506
4244702721
4294834945
17039097
50723577
4211276290
33750776
4227923452
50723076
16646654
16579585
100926200
50330364
4294967289
100989438
16450044
33489923
4210752252
4294574595
4227660795
100727289
33094396
117375486
4211409407
117244163
4244112377
83493889
66912771
33618950
4228316410
4210623231
67238400
83427578
4177198335
4278450944
33686530
4261217282
4177657087
4261280005
4228184838
101055748
67175673
50464504
4294574592
4244569350
100859910
4193976321
4278385923
100924165
131332
16579065
4244964859
67042305
66844673
4294703877
17168894
4177265152
4194172675
4177328384
4294509826
33097468
4227401220
33489918
4227988735
4244438780