-24
-84
-12
17
-120
123
-20
0
-103
45
-86
72
113
9
114
90
-14
-109
-90
105
-80
-114
-72
-99
-57
-126
-68
25
59
64
71
-18
102
125
-67
-110
-76
-16
-64
6
-103
-38
-19
37
24
-26
-72
15
115
-67
57
109
-119
-118
-1
64
27
-123
-90
-30
87
-83
61
-51
106
-83
-17
14
-24
30
-103
-41
-49
-100
14
-49
15
91
-120
-23
-126
-66
121
-49
-92
90
-98
48
-40
-2
-27
-69
-72
122
103
116
47
84
33
117
39
93
-3
-25
72
-69
61
-77
-123
-27
-80
-39
80
-102
116
81
7
3
-110
-21
-21
-103
27
-23
116
16
-75
62
-75
62
83
-83
12
115
29
-40
24
114
88
17
65
11
-14
-17
-46
-69
-47
-120
-113
51
35
76
100
42
-125
110
5
-43
-90
-11
117
86
4
-3
-45
22
104
-51
81
-32
-76
113
101
-38
-22
-80
105
-117
-101
23
53
59
94
-115
14
-57
79
16
51
-67
101
-84
-115
93
-23
18
-105
-43
16
65
-72
-109
-74
-81
33
-42
8
46
54
-45
-103
22
124
-36
71
11
-79
-97
15
-99
79
-45
-97
-13
85
-17
12
-37
109
-75
-64
14
-99
104
-46
-103
-74
79
-77
5
25
98
40
56
17
104
-79
1
-4
-124
-76
22
-7
-98
-31
-2
-57
92
-96
93
81
74
111
-82
125
82
-41
-108
69
-30
98
-114
-87
-97
78
-56
-94
28
74
2
16
-54
-8
-2
56
98
102
-17
-65
24
-85
-111
-97
115
-1
-32
47
109
20
112
-102
26
90
13
-120
92
48
-76
-73
15
-88
115
4
96
90
1
46
101
-29
75
22
-82
54
96
63
-82
-96
14
70
7
87
96
98
-2
97
61
112
112
-101
120
-64
96
-116
-10
90
-21
-10
-111
21
119
-50
-17
-94
33
27
-85
18
-19
-43
-114
79
-100
118
-63
-100
73
61
107
-94
32
113
32
35
-15
-72
-127
-121
-15
16
-78
71
96
111
21
89
-32
-114
-118
-59
107
-93
67
19
25
-95
48
-95
40
-54
40
-120
12
53
-4
57
-56
54
-115
94
93
-94
8
-87
-11
100
-89
58
45
91
93
-89
74
-86
39
-68
53
-54
97
9
-37
-38
0
-111
-71
-9
73
-62
-41
-101
-49
9
-28
-4
-6
-43
-84
-116
-113
-26
105
93
-94
-106
8
72
-23
103
-52
-68
5
-79
116
37
0
65
-25
55
90
-98
107
10
-3
-127
-3
-106
103
82
14
-52
2
-65
-112
-88
-91
-76
83
-40
-31
-52
51
0
-116
102
108
-76
-18
30
-40
75
33
85
-84
22
23
47
-69
59
11
-97
-25
51
-35