4210686977
4211276033
4211538433
4227924480
33487873
4261413370
4194631418
116980732
4211147006
83493628
33882105
50331896
100598522
67500542
17168387
4177919749
4277730302
394755
4261085951
4278581752
4261214464
16451066
83885055
67565824
83690488
4194237688
16841986
33620737
4194502142
100140033
4294836731
4261673722
17037829
84343811
4177065989
66847748
4277796858
83559172
4278190336
4244242424
4228250885
100268548
4261675256
4177460994
116981245
33225988
83950591
4194370048
4294444543
50659322
100205048
4210751993
33814776
33489666
83623936
83821310
83950328
4244701690
4277994235
50068216
16972288
67369209
17168889
4294506498
67566847
50726401
4227987706
4210620927
4277863420
4294834940
66715899
50266113
4260954882
84281086
33752574
17235963
4277667326
4227400962
66585855
4177853181
16974592
4278584064
4261741056
4177789183
84017411
101121531
4261807869
4228185339
4278582274
4210688766
50530047
4193911554
4177723644
4227660037
4278450179
67041797
117439225
4261413627
4194632449
4294902022
4177723136
4210621696
50329600
4278254341
4244240645
4227531267
4261739778
33291514
100271865
4211343613
4261608454
260859
4210753788
4261084159
100466174
4210686209
4194501115
4278322694
4194434565
50266116
33160962
66779899
100269059
33687293
16450304
100729349
4261608440
4193846779