63130687
3201377484
3378693707
3244287005
1479663372
2276357059
2625002957
1454724035
54853177
3509111901
1258949018
1134562439
2512817556
408550570
592720970
1981568374
2906465713
1487554825
1462272632
3493584030
1121254237
3039522993
1149867268
4071284970
244571750
3273766806
2783772482
206155299
1114466957
3728586419
2756169621
3570715790
643434691
3991118625
77837034
3275242121
537913069
1510866538
728414787
1596850320
2844381079
2809960009
1990039417
3143829153
2757231559
3772211311
2714361362
1913317459
1851793803
898649935
993375932
810013431
3902206662
2203608697
4247965695
2322705263
778819677
2212815947
1877731984
2457313773
1606974702
2411860768
3997299006
3629986550
3872628463
3121281691
2955671395
3212328127
1197390678
1271148871
1201241553
3743914960
2618697055
2889131756
878866314
1932547558
4216949650
2074657468
4220023529
4251674810
832784492
2606836803
656118654
2415581878
4002842204
1018459310
1728883276
2994984051
1647009740
92954236
1696093078
3362891646
1534588004
2151978586
2001801406
3059908857
3624029783
2058491235
671725727
1022447232
357545478
1154987448
1437735554
1126295774
3111414953
4186253404
1104588050
2211683874
376462048
1835750417
2377421818
2106862585
1081630428
2970858079
2873493393
1177093277
929885058
2172131605
3574729005
1167824744
3377646684
2476994013
3554758747
2065768219
2094138206
2445505960
1469092858
3700917457