63
76
-61
3
-52
36
-47
-66
75
-58
98
-55
29
-28
95
-63
12
-33
49
88
-61
115
-82
-121
-51
93
118
-100
-61
83
-75
86
57
-2
68
3
93
-52
40
-47
-102
9
10
75
-121
12
-96
67
-108
-115
-58
-107
-86
-4
89
24
74
52
84
35
118
85
28
118
-79
37
61
-83
9
73
-86
88
120
-126
40
87
-98
-36
59
-48
93
-5
-44
66
-79
112
43
-75
4
-107
-119
68
-22
-32
-86
-14
102
-34
-109
14
-106
-73
33
-61
66
-1
-20
-91
35
-82
73
12
-115
106
109
66
-77
-74
61
-34
-107
-49
71
-92
-114
-52
-44
-44
-61
8
90
38
33
-93
-29
-19
-22
-78
-93
4
-119
58
56
-61
-19
-26
15
32
106
-2
13
90
67
-70
106
43
-112
0
46
95
-105
-49
-119
-87
73
-106
124
-89
121
-105
-99
118
-95
6
99
-69
-57
3
88
-92
111
96
-41
-32
18
-34
-55
-95
83
-24
10
114
-117
33
96
110
79
79
-112
53
-68
-74
53
59
-9
-46
71
48
-58
-14
-106
-24
121
102
88
-125
-1
-49
50
-3
111
-85
113
-118
93
-40
107
46
75
-28
-28
-125
-112
-22
-21
111
-19
-95
119
-110
-18
124
-56
95
32
19
-62
-113
62
-15
65
-18
-10
50
93
-40
-17
-98
-45
-26
-101
-6
10
-70
99
-9
43
-80
-65
60
120
-65
86
-69
94
71
71
49
-60
75
-47
125
-103
71
-48
-101
39
-33
95
37
22
-100
-20
-90
52
-84
-118
111
98
52
-26
85
48
115
-110
-117
89
-5
-68
-62
-88
123
-23
114
-120
-5
-70
104
107
-3
108
72
-93
49
67
44
97
-101
126
-109
27
39
-74
-38
-6
-113
92
-122
-106
-18
-82
116
-76
60
76
-86
12
103
115
-44
-125
-78
-52
95
43
98
124
94
-118
5
-106
83
24
101
126
-89
113
-56
100
-12
119
91
90
-106
68
-128
-66
16
81
119
-7
-128
98
-74
87
78
2
-40
99
21
-78
122
-97
-72
9
40
-128
78
-15
60
6
-74
79
21
-72
-75
-41
68
-126
26
-78
85
-34
-24
33
67
-87
108
116
-71
92
40
-123
-7
18
-83
-42
65
34
-98
-45
-125
-32
90
112
22
17
84
107
109
-6
-109
-76
-115
-7
43
-108
125
-36
94
120
64
95
-78
19
-79
-111
7
70
-85
-99
4
41
70
-126
-21
108
55
21
25
120
-127
45
9
18
-43
104
-105
-101
69
92
-52
82
-55
-35
-19
-93
-109
91
80
-31
-45
27
31
33
123
94
3
-46
124
-88
117
-61
-111
-6
-109
-112
87
-47
-124
-105
-36