-130320
-128044
94172
38539
38304
54186
55357
96385
101216
14930
115653
-64194
62817
43966
-31074
-112914
67860
53196
108027
-120722
-71275
25985
-8240
-14470
-36227
-139757
81887
3894
28801
7084
122125
-197899
33846
76087
8374
-138268
117328
-68556
-37550
164173
-110940
-95641
13820
-110866
5277
90241
41215
6978
-74179
161843
45678
-53594
132971
7348
-92200
-14230
42181
6734
-61204
36455
32009
-10304
115066
-4922
114979
-125404
100581
75035
38938
-18374
-132326
41924
130210
-76556
-84098
91338
91310
65689
4224
-25245
63023
-90209
59477
65676
50577
-51054
93173
-37628
-135304
26627
144733
61822
95837
-100293
103000
82113
-40790
113897
-34641
-115183
6648
-89266
-136668
201131
-115161
38393
-8947
42979
127990
48799
-61035
30585
201508
118866
59853
45873
64866
51686
35029
9781
-228686
93990
47504
38480
-53255
-61243
-72738
-89827
-41353
-91465
-173511
54084
-85626
-99783
7281
85799
83267
-86191
-92488
-51062
-23109
49933
126626
-16000
83144
39697
9871
-79891
-4888
75765
-6952
54
15619
-71316
-162616
-97512
-170387
-23684
23705
23473
130037
42790
-45725
-16089
-96262
-64769
-121008
50186
-40493
71252
43567
14490
2046
16407
-56253
-91739
131988
27890
82065
4209
-75628
160374
5093
18201
73814
146228
11949
59725
97689
23712
-7467
-26379
-17283
60892
23133
-100181
-50140
20298
16100
21168
-35112
111170
-134013
116316
-12871
-31361
-78102
50042
-8562
78108
-54331
-92953
-25547
-5232
-141943
-145280
-22818
-212942
89202
20643
146087
33697
65811
60137
-69840
-4705
57375
5131
-70729
4160
67307
-25538
65707
33732
-112734
45180
205627
33182
-51107
18510
67772
86203
-13424
147354
20885
190372
25074
-2192
-135808
-21861
-60841
66734
-62954
8792
-94380
8597
-16861
59907
-103986
37366
-159752
-33408
-34248
1548
2089
-62848
-78496
199147
9791
-48092
96269
-3530
-39379
13105
181444
5395
-68984
33973
166454
-77108
13274
-37621
-73375
-6446
121294
21972
-73401
-29484
-72363
-241587
9084
-160379
74178
-14250
4042
3339
16869
95675
19110
53811
120922
-47658
-48485
2164
-29189
68481
51828
-62396
-2162
137166
106799
-43338
16009
-7651
-33547
-43948
31124
163243
132801
-68542
-53813
156910
913
19523
27300
23577
-51876
-65476
29431
-18584
-50784
106252
-63938
54900
138011
7088
-10200
-110048
-71127
58069
134581
32544
69706
157723
17813
-80729
-12990
28330
22362
36939
-68464
-134064
-25911
-59680
104419
-184905
18510
-84973
71171
-14361
-29911
98695
40268
-12243
-10278
-7316
-38780
202591
65734
-11066
-103334
115263
147846
55642
114655
69220
86322
-188080
-63386
131677
26328
-63953
45979
128043
40413
-15572
-23558
92457
29858
-52343
40153
57814
-88520
-36296
25247
119042
47371
-108174
579
-9168
99915
83205
-39855
19846
132050
-41345
193160
4361
-123207
-3829
11738
22181
79415
-68830
-82494
-5441
-59615
156778
125291
89359
37880
31275
-71973
-57992
101450
62428
30593
-33326
73988
-95706
-133991
-5924
-32001
-56072
-67853
-157398
-117826
-97682
19506
114560
-42708
-74115
20346
44875
-30725
46340
-77533
18237
5269
100798
-188905
-25751
-19311
-142036
-52112
118943
-74821
-105523
-58276
32978
-175030
-130888
-18037
8656
77047
96990
15608
167505
176368
-1553
82859
-14217
-73531
-72174
9287
51744
33959
1156
-29912
27471
126647
48732
-67
93314
-7848
111749
-109004
-81377
12264
5913
8563
53918
17018
1875
140857
-134935
-67678
87596
-13416
-25249
-63794
83491
14949
63711
51546
-33312
1330
14975
-128
25026
7546
-152462