2684354663
3489710080
3623878657
3493904384
3628072962
3502272512
3636461568
3498102784
3632267266
2415919104
2550136836
3225420032
3359637504
3221225472
3355443201
3233808384
3368026112
3229614080
3363831808
3246391296
3380609024
2415984640
3225485824
3359703040
3221291008
3355508736
3233873920
3368091648
3229681664
3363897344
3246458880
3380674560
2416836608
3226337792
3360555008
3763273856
2416050177
3225550848
3359768576
3221389312
3355574272
3233939968
3368157184
3229745664
3363962880
3246522880
3380740096
2417491969
3231187968
3365404672
2417557504
3231252992
3365470208
3768123520
2417754112
3235643904
3369861120
3772514432
2417295360
3222634496
3356819456
3759474688
2416574527
2550136832
3259629569
3393847296
3255435296
3389652992
3268018176
3402235904
3263823872
3398041600
3280601088
3414818816
2416640001
3259695168
3393912832
3255500800
3389718528
3268083712
3402301440
3263889440
3398107136
3280666656
3414884352
2416705567
3259760640
3393978368
3255566337
3389784064
3268149249
3402366976
3263954945
3398172672
3280732161
3414949888
2417819649
3248292864
3382509568
2417885184
3248357888
3382575104
3902668928
2751463424
3560968192
3695181824
3829399608
2952790017