10100000000000000000000001100111
11010000000000001010000000000000
11011000000000000000000000000000
11010000010000001100000000000000
11011000010000000000000000000010
11010000110000001010000000000000
11011000110000000000000000000010
11010000100000001101000000000000
11011000100000000000000000000010
10010000000000000000000000000000
10011000000000000000000000000100
11000000010000000000000100000000
11001000010000000000000000000000
11000000000000000000000000000000
11001000000000000000000000000001
11000000110000000000000000000000
11001000110000000000000000000000
11000000100000000000000000000000
11001000100000000000000000000000
11000001100000000000000000000000
11001001100000000000000000000000
10010000000000010000000000000000
11000000010000010000001000000000
11001000010000010000000000000000
11000000000000010000000000000000
11001000000000010000000000000000
11000000110000010000000000000000
11001000110000010000000000000000
11000000100000010000100000000000
11001000100000010000000000000000
11000001100000010000100000000000
11001001100000010000000000000000
10010000000011100000000000000000
11000000010011100000001000000000
11001000010011100000000000000000
11100000010011110000000000100000
10010000000000100000000000000001
11000000010000100000000000000000
11001000010000100000000000000000
11000000000000101000000000000000
11001000000000100000000000000000
11000000110000100000001000000000
11001000110000100000000000000000
11000000100000100000001000000000
11001000100000100000000000000000
11000001100000100000001000000000
11001001100000100000000000000000
10010000000110000000000000000001
11000000100110000000010000000000
11001000100110000000000000000000
10010000000110010000000000000000
11000000100110010000001000000000
11001000100110010000000000000000
11100000100110010000000000100000
10010000000111000000000000000000
11000000110111000000001000000000
11001000110111000000000000000000
11100000110111000000000000100000
10010000000101010000000000000000
11000000000101011000000000000000
11001000000101010000000000000000
11100000000101010000000010000000
10010000000010100000000000001111
10011000000000000000000000000000
11000010010010100000000000000001
11001010010010100000000000000000
11000010000010100000000000001000
11001010000010100000000000000000
11000010110010100000000000000000
11001010110010100000000000000000
11000010100010100000000000000000
11001010100010100000000000000000
11000011100010100000000000000000
11001011100010100000000000000000
10010000000010110000000000000001
11000010010010110000000000010000
11001010010010110000000000000000
11000010000010110000000000000000
11001010000010110000000000000000
11000010110010110000000000000000
11001010110010110000000000000000
11000010100010110000000000001000
11001010100010110000000000000000
11000011100010110000000000001000
11001011100010110000000000000000
10010000000011000000000000000111
11000010010011000000000000000000
11001010010011000000000000000000
11000010000011000000000000000001
11001010000011000000000000000000
11000010110011000000000000000001
11001010110011000000000000000000
11000010100011000000000000000001
11001010100011000000000000000000
11000011100011000000000000000001
11001011100011000000000000000000
10010000000111010000000000000001
11000001100111010000010000000000
11001001100111010000000000000000
10010000000111100000000000000000
11000001100111100000001000000000
11001001100111100000000000000000
11101000100111100000000000100000
10100100000000000000000000000000
11010100010000000001000000000000
11011100010000000000000000000000
11100100010000000000000000111000
10110000000000000000000000000000