301247720
15498120
1219112345
1517422961
1772524530
2646118064
431784647
3997646907
2461891942
113307828
636344985
263775768
1832500595
1090488969
3802563867
3443371351
250588522
3617136360
3473841359
3918027535
3480862338
815684260
3152412376
1952938680
1965118511
3892141351
3007167304
3652248965
1366596176
3952214791
3910900203
1052053620
2907913909
3625808652
291009048
4025617217
2295446482
1277375375
1854089828
4121351429
4244919925
3446150867
1907679313
2968181349
396069737
2371762997
273663758
2892348723
317283725
1091622295
2947978168
772331041
379179830
189258876
2635046833
4087337807
3675058005
247510381
2580703389
95637430
942170649
28403729
380929276
4276199161
1570790599
2926529105
2497139325
2388845125
3360595881
38411426
4277717520
4016464440
2443909311
3774837663
1880386863
224008858
3023068296
1940393911
22700036
1273193774
1614196246
245411391
1616316230
1029832290
2023452784
4136394944
2448878426
4023285525
2870682018
2396384530
3245775951
1799178652
544284834
2176381219
2987454855
359620679
2324619353
1134783429
815864083
684337313
4231335048
2369177657
144858462
2808411561
1566256442
665471655
1640641980
14342921
1240971665
3483097026
4210877449
2408361173
2724030950
3913812118
96259175
2454705
1513613121
4245318558
1737948545
46927442
2779287743
3789050804
2348823500
4004801638
558618654
387361877
188463919
3711166367