25406
21561
-19203
-29471
18532
-23367
19520
15163
-18837
10393
13250
14672
-8629
-29146
3220
-26769
-6331
-27593
-21935
9454
5073
-11756
13081
31456
30036
2368
30681
-22424
29346
-2818
9487
2390
-11816
-28254
-21887
-28688
23870
1268
30048
-26976
892
32454
15037
-18659
16908
16223
28199
32115
20575
10391
-9028
15715
-29437
-1462
1423
3634
12916
29068
-23805
27431
-6298
-10973
27173
-19658
24846
21297
-19144
-29797
18170
-23711
19378
14627
-19051
10182
13016
13909
-8850
-28985
2841
-26470
-6403
-27055
-22256
10109
5737
-11271
13190
31693
30085
1579
30820
-22478
28807
-2903
8651
2283
-11842
-28429
-21288
-28702
24527
1433
30257
-27699
563
33387
14453
-18982
16669
15983
27992
32019
20732
9485
-8962
15447
-29615
-1338
1548
3948
13101
28102
-24088
28160
-6186
-11489
26596
-19956