-116705
-114077
-13525
-67905
-86813
177166
-12214
86067
-10007
49498
-39366
25346
-9284
-4607
-161021
-108466
127482
200362
-76686
-152483
67229
-12760
130692
-7730
-36126
55710
-57395
37974
-236103
-116365
-172052
80984
-72622
-156744
33095
-13222
-92694
79929
15374
148627
-88784
74654
-15418
181339
97675
-19621
-63858
77677
54969
-51907
-51888
111224
-29057
-1640
91241
-142213
-89159
-12514
-51620
-153671
-93057
161851
-87426
-140947
49451
76075
-66521
-96971
-39941
191677
11190
50702
-58122
31710
93881
-57869
110587
76297
46686
-122994
15311
23132
-12315
1267
-23911
-8817
44164
-15542
-137662
131480
-13818
-4950
-4319
97190
76692
14748
170062
219380
-161817
-5913
59953
-26404
-3312
52373
-10930
-100368
37675
12801
-108174
-27996
54578
-94843
13918
67209
-13170
-24996
6985
-63179
47248
-38831
102197
-88432
-4239
81807
-79707
-22563
-2701
59385
112197
-143598
-209712
-843
-47243
53204
224448
-59152
-51330
-24623
71278
-140205
-86139
-31421
-49417
67616
20242
-151191
-34499
-10861
-26848
-9561
94607
154090
-155486
-77123
68258
-119329
98672
-88802
93986
-130747
78593
57556
-54960
167583
66990
44951
192629
-2766
-65112
-5120
24852
-117109
-188368
86548
105205
-218117
85717
-43540
89664
-92115
75019
-143592
-81247
-150033
-90310
161071
6177
-33438
8533
78043
101501
-74477
60182
-180961
-94291
19694
-21552
-196896
20682
40377
17884
73353
-62179
-123036
-146660
-102062
38342
174302
-139448
-59024
3058
-10777
87955
-120028
60968
107320
-1584
-153182
18707
-64894
34090
-162144
-77712
-31073
-69950
-25676
-2424
19659
-25606
85452
179946
-25248
-15685
62783
-56004
7397
6379
58435
29993
-55693
-87499
74943
120250
119351
-2912
56789
-87446
84628
-19886
-44785
60641
33514
-35392
41201
53648
33773
-91526
-91499
-102319
2822
-88575
216992
-142274
241
138793
61098
16370
-74172
9948
-8239
-62929
167671
8914
-139947
20160
-197664
-123786
-109754
115119
67185
51609
63532
23162
-75050
-57881
-82409
-133640
-23253
-99766
-11239
112428
-1216
-104613
7863
102439
-18794
16506
-35891
180364
24715
61045
-16629
38949
216082
48577
74134
138148
136833
-362
-16122
65818
-260516
60843
22169
-10941
-111620
-37805
-327
-171584
-262197
-7262
51292
-161468
-92736
141421
-154860
140320
-48943
73277
-130193
-19477
41905
-15203
-222982
-2558
-51173
67870
25622
-83874
-105188
-9950
271146
143130
-58755
-95841
82576
-137427
32236
52637
171523
74479
35332
73427
113333
-110381
-30743
156514
50843
4334
-29416
28508
-69375
-164342
101776
-48824
-26907
-183256
-14862
-41934
-13118
-129199
-40342
-85943
-3763
45496
-23016
101354
24771
28577
78613
27059
202109
12974
-186593
241930
-56208
112602
46530
7942
125642
122512
193582
-65058
-50632
-26751
24508
72056
7124
137973
63368
82937
-80109
-74127
49900
11031
-23242
-5790
109920
-9384
-108796
36053
98956
125820
10157
64510
-96484
45471
-84224
-111362
13154
86186
75133
129587
-77736
8504
-39321
-76052
-5887
-15054
-114450
112254
54864
183787
-120145
-113719
-143052
-8634
-17255
81199
62377
-72931
23284
72647
-26131
41232
-149320
63571
14162
130909
129795
63525
-112824
-141191
-64949
179060
44102
-96810
-76775
3032
61918
-129982
-97395
235737
148340
-194359
-162969
-79144
-130083
15571
-64302
99457
-29404
97388
-134183
-175949
-199883
-174040
-129873
42337
-144599
-101160
-239891
-91175
-136728
-85809
35897
93818
130137
-149
-41591
3198
-64380
34889
56477
3961
13280
-102847
-8657
11053
19420
35603
57372
34017
6843
34463
158977
14990
-28221
-162309
127737
-9104
-59038