3217945577
693295938
3395502693
2245099756
949637637
1083863653
944232180
2984483093
84066398
2148468160
3964793969
445433220
3712361725
1598651171
3689052741
596905548
1705441837
3865828063
3855887554
1673348957
365294386
3860573672
2943747878
2787449034
122898748
3647507651
3959846339
2963367074
542442286
3464370750
2291348297
794296659
2326687862
4116425900
3089732686
1922755409
220594723
372986829
3109221287
900170690
2098439015
209991876
1413025056
1742070900
3366436804
1203066173
940007517
3972828945
3470633204
1360573817
1487736014
2675977241
3162021740
396283503
2774238641
2369504125
80557756
646612083
3900223000
916118312
3999630558
1927352562
2569420465
2969327752
1264102918
228968816
3933267252
489220622
3035002429
2254014255
586247325
3586049678
2273977171
2712145090
2032871633
896767821
1461786703
3484507156
474471347
3691473476
2869289662
2611050434
4273055554
3109211568
3554191983
2866643355
2532645224
563243775
1665621655
3256494847
1325817309
2201461740
167845412
306000778
495311138
1422752531
1054101387
2997316739
506464297
265464239
3053502538
2592413278
2643073570
577911364
439520691
340930197
4294802888
2035516139
2055941896
2792802810
2971312889
2898799530
2025840229
3052432559
2801779438
815765876
1414651918
972070561
244602692
2476746253
1303096085
3706358903
4249283372
571444710
1210969828
637678086
1858815875
2061460732
1974490720
3082001038
970456621
1624540021
1952523632
205534145
3786574133
1994415265
3040410300
1499041743
945004947
2504806388
4121931325
3875424417
1043257011
3870397872
3560780593
108739052
3673695219
3324123339
3893487293
2720888503
3995190200
2426009132
2014821699
263836841
2231075924
2563859539
3063306194
3059852774
3592347917
2213768715
1101371452
2479910617
433904124
1373245392
155658228
3044628135
931938816
1073751354
3345825280
315882212
395601906
2032579418
2371308384
3884752772
2239792311
1857868390
3485830713
3963115718
161777202
2508422263
4247437317
2746801354
2607587995
1695307689
344492797
3863553992
25985938
2783568139
2334184970
281872454
2385621202
887007272
1349878482
3244055485
79905341
2812290702
2053246077
4106437609
1300815570
2474235271
2160523489
303082531
2296095251
85182350
28507826
1200569228
79536080
4079365659
939082255
3561757884
4041408024
2342327625
4256966832
2485484056
2313353674
180311305
2881794535
883258131
434575094
2702918781
583264686
3239690823
972816546
3449396135
1756947365
356678640
3856463938
736633846
3947186307
361204835
1666975256
1741575038
2746358711
1015158851
3393475314
2051260606
4074740840
899150430
1725186166
1696159914
1303170228
1446790700
295143896
1625924499
3846768897
344078179
119815315
3683320694
3054868206
2804492073
1376472542
538647430
2200779062
2211942954
3620611293
2480785397
909289785
2981557572
2992732814
1839058681
355518545
2745533548
2997121244
1650545906
2018707416
4252592034
395984528
2885824954
2260768358
921687630
1736875742
3770105655
1071092629
4219803862
2693085547
4034312920
19201601
4017429121
1488898363
638960167
3346340210
3181870382
3632808612
454985296
1340462978
3980139480
3244782451
1459046742
2411941696
8493202
1275440162
1734289786
1805595297
2946943017
1458656922
2239784940
3368199114
1161710978
3216300867
2968241528
1384688
3963314813
1041187521
4182966181
887018596
2201551853
2163571540
364560720
3811580801
1911926123
1194693440
1942099909
2554612570
2490977497
3590156464
22806827
2094760772
722280403
651681208
3357929254
342906212
4276374652
1289281016
3423071053
2473385714
800237961
1319779877
2116057353
1575263855
2600669813
1764573748
1240328900
2387654237
3327213466
741053877
1220913445
3620461375
3461187773
3705517787
453708538
3929159941
1411464527
2449872480
1091885200
2742532712
3826356180
1834748313
566256726
3426041112
2329908827
3176465269
902581948
705980459
101781959
705587873
179700683
3488529660
4003650941
2073148687
518586644
184460565
3929899199
2985315475
3388823447
2718381778
2753594993
988111576
559006898
4003594060
426630626
668711726
455064187
2349599173
3259884391
4207579120
2316314813
1180224224
1857332067
3180274108
336904099
2376941451
160486956
973219337
3895811950
2968080220
2073259058
711648491
4075525433
2951314583
700575575
1671563232
351180242
2006084333
2423596843
325169632
2484797729
2226655515
49813324
2569663718
483547917
1450407593
3919346812
3212657987
808584934
487106275
1159351340
1817017350
2216341832
2847933474
3587828472
760916749
3799529176
2890781793
3940466500
1852426622
1752623163
2050837341
1443010933
3748366356
2550713513
4075656730
831189261
3911223130
1424948223
187856758
3082863070
3801995088
1875666029
231592915
3847085798
3874199674
2887364446
960670896
593941028
700747063
1247958666
673955619
1266170579
3813417584
1138293640
3717272626
1221042887
715777182
4254897076
1176655772
1344982482
535047568
615400565
2243803302
78900662
1898528211
1185803671
1043186887
167048376
1615235581
382885228
3248085522
3613847828
1023969428
3510414470
3023161082
1043604675
3083217502
2469146799
3190659998
3660799816
1284837074
3395345126
3514561842
1323919666
1916331523
264712423
3826297122
3303706010
1831897777
2971736894
334442698
2413530055
618139501
2246002928
797612246
2904482927
4284184394
1061099131
3817643969
3572812065
2588798731
3190525765
2006323351
4161750964
1926799099
2206831404
98527882
2542762961
3143352462
3370694330
2376856432
34148871
1055473350
3463262397
3035197949
3419279342
3978783557
2473682938
355064686
3346607616
1874035389
2115842945
1164590847
990642356
3966825514
2903037820
4043518388
1300688909
3331967774
3033695319
2360092670
1029712444
2517092358
2611855217
318913906
2788882114
208550099
3470904566
2192771261
1045772125
756066532
2902947915
3773062767
500535838
2877485644
2609569099
568083572
14183263
2046005041
833452537
3068051896
2664961213
181274146
188060235
628254472
3800618955
1606630885
2775596223
2319280392
921826746
1328974766
632772299
51695539
2532293182
4272102225
577026595
2258636099
448878573
2407431931
3374505813
1205368668
1342225049
3798722069
3353349605
2926338755
628817075
4075132845
3969449079
3261810743
3981956571
1882727085
770384068
165040936
888508655
3064210738
283582927
3693774314
2998346751
1132783244
254921842
179617874
147574164
1616087240
953061316
3816463308
941676289
2031746606
197206471
3028215197
4266008328
2962831996
1363320133
2411775333
4249322314
827914763
2181104682
2602886251
2178392611
616855525
1070989719
235817946
1075147453
731565512
1989853836
986343387
3843595022
4276967183
518696728
3173257856
1859472079
1698077009
170278190
201834889
1904481645
1585961889
3636610020
3368120384
2705186967
384351668
862739966
1167149906
2125735526
190379510
806494755
80913812
2849898053
664064824
4003352491
1440108800
4172964830
954191853
4047241797
912230060
2293785005
908914998
1620878781
1642944830
1352404107
3368263788
4114082683
3509797840
987005468
4036211382
712802783
2367987747
3298492798
722393934
1660795409
628668214
4129497668
3282698869
3435326888
4050521402
139084020
3058805032
732455473
1829128812
2409977813
1687475140
1212754624
2423325442
2051083440
3340235163
1188325160
2737070731
4049794689
2861870713
1646948594
496808759
539659521
185670733
919885714
719125835
527126020
83058631
4261332674
1649535838
2859094421
596360121
4131504645
2504993096
1799804816
537413137
2996484516
284411194
2848100726
3447821806
4200768879
2911651752
283254517
1073852486
1336400696
1409326276
3899463847
999735983
2914247496
4294888218
3136151342
2103296647
2464758419
1816773032
3807363369
4106523410
2095274916
1090055742
2494545129
2184359471
2476373065
3323958202
3276932508
2287842041
3464219543
330708762
3147311792
191512260
1334080535
3916993305
2438434325
2967032092
2534357174
3846091669
926896296
3785654986
4015008841
1879121126
2181716532
4088872846
1257336643
1952101339
3835908585
894088459
1989800448
2381166571
53355071
2255295522
769757950
1245693334
440497595
388372312
3423664220
4146562589
326413876
3167483385
1048169634
3395832467
3695853118
2468157968
413853554
2544013541
3074997490
3942977072
3491098553
1050974843
1088927489
3464687669
2300240176
2425236911
3214826823
3084841310
3327556941
1235475953
4133721764
1960449068
505693938
3359783549
1650230812
1385427699
498121227
1374469678
206885841
1481489452
3151192497
719078230
1092428501
84346048
748548761
214816089
1671170731
2866485455
2246822590
642231405
2814418475
1288867533
85308127
3231340060
4015390050
3780480117
229820084
2908526546
3269380365
1989539410
1051942427
845785677
2182912407
3043836806
948184138
3444752172
353660973
2996210734
837727102
3733951118
3699651040
2533697077
500018932
629278183
2452437415
1406228060
3185276726
2540885626
2706713393
2608174224
1575254946
1083583833
3013465330
3158862794
214418040
879051745
122074464
3563455207
2813767613
3327006731
1797656207
3789640814
2246870710
1221148316
2383682891
2997021058
3049011031
1731070256
3389121614
687667196
3523488728
7546998
1438395480
914874126
3937261977
3216743254
3711910207
2933514618
1282566003
569792019
1581359475
4198911924
1242300715
3107922001
3154624997
1024977817
436889066
4155263448
713682405
1505394070
2182729040
1246785570
4205853802
3049766045
1858753455
1341522590
3576276152
1772089686
58064415
1088107989
4101608516
3362224603
1979773577
261327100
911156042
4173896329
2637353715
1271954587
2427285816
1822016604
912103907
1861635546
2527378576
2075388816
1763288735
2733641844
2908618148
3187657197
2646157801
1900766090
747332407
4277885097
591116272
812815067
739117926
755306998
2642739953
1440494509
1795317273
642639122
2755531856
1906289444
3986029096
1031248653
2382246878
2999992445
3695820892
358368961
4195011324
1323363201
129390494
2426859987
2562309935
2636290037
85826269
4064769576
3486806966
982812692
2208916962
1810866014
2228138533
658766123
1503020891
3030824148
1020415461
1723179137
2866687601
370838883
841721286
2793609123
3295170882
2547962762
742401019
570710968
1609211430
728947463
3596883449
3499529231
3718217750
2904932406
1634090642
2852631687
1770509543
4056256616
1842469619
2243382424
2628327037
656554813
440219480
3184180066
2290287977
695945049
654008608
1575317089
3588942627
405851803
1209942717
70431945
1792526515
4087296399
1634177569
3076752470
2915619732
4021460851
1353577694
197020379
2239831084
2706282153
790444381
1031370334
4246646972
1482885990
3367364394
706204329
3887522659
1194488408
1697531340
822498793
2256005902
471501505
2220903819
2509111735
1781757638
2823311185
2276206957
1168158270
3598318628
956617927
4209237291
1524543280
3890332365
1983214191
2896795492
1827507695
2973429091
189378053
1979379197
875580840
2213486541
1739242044
1082287515
1729561525
3580380797
3961268430
1771453037
1955872297
1809382646
17091897
3699683896
1360493049
1146613888
1599283534
3495357032
3648018216
659732528
1541624164
2051673279
261666325
500248386
1867330588
2274418528
4247993750
1260145080
4092793416
3251996069
841652384
189052061
3455154573
4139332807
1679026888
3957255345
2971101616
1110866157
3663500314
269496446
2930933300
1758966424
254514148
10397139
4051379459
3618576516
202039763
2288800350
929656756
1883879543
3529379989
4086455242
4024196145
2786745290
207067160
2610312887
3364012567
3475292615
3875677420
2429147287
4243788713
2261793252
2185543347
1424607878
1146501454
3109961517
39442234
3132455884
3212690414
2621755598
2473147316
3706853165
2764793460
2714997227
3511184550
2685962814
844004201
1443097002
2233901373
1369267541
250968783
4122677040
3980312992
1031514780
2530706647
620872646
4106871355
2267875484
2970144230
4065441998
2850738465
3899695107
3253347707
431706444
2522168575
425308426
3903391857
3028749747
2161494235
22212584
1387123501
3312486461
100128364
3550242970
409157832
2241740594
1622438333
635704814
3394277038
2229668004
3444138953
3105967753
3969125478
3155485186
3593678318
553172168
2799032600
3564939498
1279615034
342284236
405597239
3720115277
392204826
3584010846
3625575105
2592237315
214566063
4085869197
648587922
1885505187
2400974039
1756614144
1781711827
4231299980
3693854642
1086148196
2167544543
3727541463
836344887
3095684599
1815274475
1262247243
352684382
224395675
381964127
2197246224
1636197818
1208044132
659850260
681210983
2986520565
289708074
2247123829
3238873665
1398391332
563425971
321450579
2202776203
2335128211
1854999534
219225918
3707082745
720610783
1982760415
980676877
1345022947
1269221488
506124190
1404743576
473409409
3752475410
1763950534
3914781330
2713656599
2989536661
2380752182
1359048639
2482834834
1993051009
1817239570
4287411829
4253925880
695659608
1199380319
3143701383
409346502
905787569
460675524
2674489913
1753123312
3422746693
990551606
1321265473
324790108
3992177739
3651135992
2269352381
2497576423
234749984
3082451797
16076774
590770590
1154394186
1933417379
1818000044
2669728004
355718012
705666194
3043702065
2415327924
3077455976
3157094106
626874406
2493172712
1389077492
3662912511
1615684337
1569569839
414132328
933302114
4287629625
622342177
1085846683
2737926969
2221072884
3124926764
991387750
1845164599
3841637224
1468327352
3010979186
2338684080
2569738331
4136213166
2694670204
1676543822
2117725238
1833313881
889772162
3598082035
3929784999
146464769
999823705
451361301
806689684
159502824
2874399159
3672577203
1942467001
4244832597
2670442814
3038811585
1176157712
4035352700
3110713226
3007770133
699099906
4250263495
4260613573
1717266787
2317613382
1567974402
2602505593
3969493144
1366654294
1918949930
503760330
3781228750
3004049756
2455743693
4252487166
598187637
50023220
1237647662
3038615988
3881912116
4224207361
3535043258
3809190098
253470631
1992236697
998154963
4138316614
347429084
1729121737
860705619
3607932616
2204435594
771683377
2046957265
1257675848
705662651
2823496830
991334605
2364990901
474911842
3331284270
3317590785
3477714118
2465469523
1181275077
3568264590
3305073848
881305116
3042468800
2856584699
3645562025
2637407225
287602082
2711302730
2745147317
1718956813
2538567484
4257175565
2820210680
3953123601
33717108
1367259465
109309706
4041049412
3761073927
3624006791
3840474085
2980885710
1872454745
1538731825
2950064512
2444137577
146333629
4110579264
2916918782
3739613598
4188848092
1842633249
3623521879
1905907205
212398041
2942604950
3917900062
2913574768
694781334
3670902582
2048324406
3890820456
1094396212
4179788184
1066455360
3128766681
1138640033
1194958612
3371203285
2332969719
1370189793
2592227066
2496165515
3402342376
1730376499
1047147729
3992579827
3001577092
3167704536
922402306
2188527121
1818532935
842243905
2451735668
3732736849
229428655
4024758757
2195199155
1141888637
1294410876
555635482
657892100
1040468497
2293282549
3658719611
1569646591
1077062856
2115704553
1251038147
3487401939
3041262950
4211721423
3892528231
274919822
4046347802
1556501189
1080377328
272433832
3306237644
160114051
3558871727
3237296180
843706504
1078370391
4281002712
457168575
1445811952
1188470387
73873676
681649952
4070107660
781913496
1335124461
460801533
512902872
3145006981
2264759067
1004840426
1185900018
403529128
3335703747
1833618152
2526037960
1805815939
3330151201
134004592
3700247482
3328874756
2919170578
272389126
605733510
4179663543
636551406
2549175773
2366661031
821358461
3340364271
1568444830
3334604455
2575560689
2997790561
1091977634
2030899310
2194133490
2809140316
1099945806
2784617197
3664644712
3478606862
3781884819
3142258583
1537275094
4123419731
3185105036
956034334
3963490829
270312289
2440797390
494962753
1461112467
2045323838
3225420380
1207383981
1613148237
1472350137
3298507845
2021970578
1479759892
3088231825
1841655282
206203382
2624122538
627575784
89937986
1741386144
3442588626
1403467000
1575635714
1426119557
3508657891
4025713667
1250265906
3662399748
4211961646
3839800575
2251227687
2763465703
2754939244
1740357010
3467080343
1193327011
548204084
554440708
3592198564
3375029809
2521293918
2767870066
1890932552
2805553726
1114095425
2238227550
2376012100
3766252882
1981844890
1300965898
228741260
891150043
2647434084
1734019702
1752438665
2300582317
3022773391
2385514302
2759598047
458172479
1838874957
1687312309
2157991273
504240973
1628271532
3103533640
4250228792
3586044602
4287261950
481256695
2617172970
3349996940
3072950710
2497604373
1418697916
1935438111
2637825967
3186269798
118248068
2097024742
188413125
2440486519
3461377959
4261173852
3781742278
2001307663
2945767186
4263962336
2159399647
1679567222
2828362724
2474974157
2945012644
4190297958
241139321
1916067858
2521542791
4271187275
2480993877
3586388584
3938377145
2842426744
4139957239
1225835764
3088780992
2005296005
2507479668
1465392269
181144369
3694561267
3321115374
1462875534
1895302503
2307825840
1764614137
128562110
2205081701
1358769750
1538853123
2086335274
456167476
2810481800
4236629626
1336626377
2908284522
131061028
1308954992
1765442657
1948335402
1431576336
1307182768
2712143184
3111085416
2775239776
2931326304
340315059
3458239719
3328129202
1004620493
1628989858
1906343261
4037286733
896121186
287599257
282719552
6516388
929677314
1680564223
88997563
2230275982
2876357929
4251711277
649601381
146386377
1789399690
128971751
3574621285
3012999085
3992803400
2240219183
1364262479
809816762
975944776
457225370
3760055767
4225531149
1427046566
1654977398
2500038391
744405638
4069906027
2406575114
3849829227
133165267
2604358108
580525885
964103285
3296652882
3469757520
2642500409
69177880
873588250
2897965950
169440511
3637884326
2836318907
37532293
2299363920
1480150624
772059888
3026876150
2490184015
3380478031
1299037884
4145659244
1916855202
3970073964
3692244369
1264073746
217876260
2619220514
1583796519
3764237582
605685079
1033063825
3957545188
3376267874
903075894
1578973151
1227699301
2434816892
710996014
3916810859
912883323
3242873275
3886523665
2823818542
3114332492
114415755
2807637525
118316381
2033327295
2317624069
837967260
2748268187
680985882
1515051958
2925314971
3409180377
3626499067
1109179274
1004165279
951356902
2911784887
2341760196
1871899195
3875593321
3410161111
1966122714
3830023239
636370592
1641983408
2723197433
2300583174
655507184
1413107061
1290878445
3805004245
1260080318
1020174568
2091603197
3074097086
3526189270
2863310665
3073903478
41267051
3133360854
3846023723
1991461109
2978357016
3296191068
2739127190
1866252474
1513468421
1841164157
3073278456
3916993226
615080152
3925085860
2780013106
1240970407
4159308790
1503769527
1926011871
2526948149
606444359
795024866
450698171
1978802548
3918043026
3434405843
981260194
435768941
2696449602
2218022006
393041590
3541679599
1271210110
1288628
1126518832
328137254
1288697507
1687285506
2363428416
264735968
4080525729
1076252571
1967523548
3497696478
3540982519
2359161110
3960793483
2205011892
371428862
2124879389
1190413215
2448113232
788930890
3657150884
3158676580
2400214620
4185655009
2126429248
3452908689
4078959828
1801473194
2822760338
3248861839
3382514195
1291844858
82115320
3518739211
1326835379
1429175871
3991353818
3664762860
484304789
221722258
125751020
804094078
4152494701
1684502618
604268604
175728777
1308953129
2402199704
217911400
372922432
2398160312
60196240
1732895181
1544913377
1927749623
4283869759
3110583739
1832211188
2182940454
2438495381
3156582523
996150797
3887293581
2646289295
736918453
493017602
2106930612
2800886508
3513139939
2427021344
4085945087
1213667712
1695083096
1116852272
3423151821
3160496101
1285048847
539902553
2017619744
3443651717
1941048572
1313576802
468883410
3810624576
1721248141
34429875
956367015
3019706170
1969438666
2392580355
2080387078
4050245720
4066619713
184522135
191591436
2985705656
2445787966
917247006
3436596981
1475290810
337060609
3279499634
2768901644
1563445960
3394735469
3749766337
3794098231
668425516
826604408
2463472025
2036714416
2813891506
1629953634
1560970537
2175862073
2769389674
3857164618
3341008729
2082228894
2767591217
3349860768
257559410
846132770
3602038317
4181734912
374570705
3515909827
3308821586
751345661
2820273037
1907422152
1603433387
337784834
45279942
997985454
411785175
560834661
1561792131
3342423206
860898287
1494578732
2371749690
3517588827
1032128296
1909489019
4034012820
2962082319
2365841198
2829216798
3064916034
4082358934
2654558877
1102475891
211876721
4051370075
1336955267
3205822057
1980781632
2130514226
3299862062
2169501919
2872603199
66479528
4111356246
3869363737
2293690237
2752792522
2422903353
843645869
2092870620
100704918
3194101147
4222129915
3365197836
3140037661
578665696
781871034
854185625
358566603
1344320643
3805343878
1349093281
2897305478
2900492741
3155820895
2884839879
13049144
1389947049
2812337019
405478326
2954455942
2070803380
1145877280
441678798
516633644
618222428
4111249598
718100417
824012009
2423466974
1064958186
3355762549
629736925
1955039258
116613087
3440979633
1151842676
1552140768
1557212439
809171840
1683813816
2490839615
2485803033
1520717343
500878233
2325777753
2078289822
3453778529
1102456410
2538843652
1034710287
1887058877
326326769
1422261017
868575861
3348325626
1290089905
3646286606
3885242930
22610494
3425736565
3377443659
4136014379
2894957023
947524276
408392004
72032355
2657154123
3551902879
3140963947
373640550
659101240
772650818
2669554599
1234548585
2259693446
2441122936
3851937045
3429068234
3130657152
1417382778
3658411202
2557398580
69335028
1291301388
2473309072
3565073526
4167263710
768322414
769638073
2653350850
36037311
239005861
3553424271
4087824961
3785246380
986914092
3508259310
4146975052
4169186897
899244868
4119815073
3799396712
337391242
2093365219
3844811580
265444894
2093092228
138699141
286181371
3147448171
843728224
2885361580
1004340793
300264135
2670583454
3705763484
1199999350
2031427388
858202985
2109258840
3604763299
1586919592
825517405
4104613614
1609024326
2867765727
1763590775
1670203785
1249625574
2511015080
106806134
3220525559
1089680123
2566602006
53887923
177290953
1705411352
843413260
462682383
561281806
3022004243
3275668325
2880882017
2408525543
1048208988
4040082985
1595460607
4269869395
1479984377
2899499203
1741376859
2838077932
4207188131
3026107241
1412777354
2782819821
2032984949
1100836154
2919234865
1883048955
4162884406
4146683825
1549600665
1739904500
2014671448
526893393
83006392
1823938361
3120620628
419469543
4278516598
1168355683
4046985456
3433679798
530256486
456758061
261168012
992476209
1732113050
3810994714
2319184917
2272689378
1603283606
1849491436
3771360981
782312018
3385521098
4185308200
4002472192
293365834
4188528988
709611596
2013855448
1207995076
2520134972
2916307941
1483757209
2120210780
1265821622
3805389217
2672489920
691283381
3809257620
3376233825
1084387286
3488452545
403159209
2185167441
3371012201
2293717487
1189830147
1662617055
4187632606
4232415911
585473630
3887287293
268224398
2505425301
2245884359
3366855372
3823171764
1990084576
3022277847
1078804033
3753710012
3236954957
281159925
3063325622
234472980
3408548436
1961130492
1974722953
2373552120
4151094416
3154602899
1547608827
997340984
1582146247
3038650694
4148198439
3927451018
741833875
2654664793
316308421
4187218348
3755888035
1812266763
921233233
3371163776
1793938657
1610472997
3957596062
4017567613
1203114604
1507557719
3342660027
1647590008
4215540272
3344243645
1268765316
1884388837
2408688089
1744750192
219729188
763725731
3647432195
210710854
890672470
3597712943
1803808590
171013889
3425461289
3920267120
3940582989
2919863163
219361566
1444471476
1466161256
2226477854
1839810669
2999566933
3999522900
265512872
3851276686
3732042796
2275752144
3219286670
555516894
977705196
673549235
3349255293
3043238146
299826622
1781548442
1945436796
4212029649
2931886458
3001084198
3611885148
12106076
1815530800
756007321
1355959056
4044146962
500194012
3523669192
3840673480
1420871252
143902174
1256539015
3478376017
1016022809
140057849
2445746051
1339402950
3635577465
342589570
1195208813
2188256313
3300781574
2927087859
4165385088
317029569
417170918
4105746829
3236221263
1920654094
1757383893
3694120260
3428724349
1225979882
2171971682
759284658
1239386959
3284671437
1639559391
921745759
4182188014
3433372977
356111935
2727422753
3660115928
934809359
72755640
3861823131
2751463920
2171663053
4229780367
4256770656
793559629
2023399592
904678694
4101269017
2699705469
3271127081
275984473
1308785654
3296723363
2025024109
683499506
1751096153
1226605355
46094125
1581174744
1239987867
2853331959
2373770694
2523363255
221207712
1808616758
891215126
3040979497
3186691618
2717471791
3632311407
2036385964
499631167
2567674811
2997220426
3787997924
1331363832
2851797146
1097040629
1676049434
3953582038
2779652587
1470436649
948473446
3152754001
1858845688
3255803128
4196392498
3813281256
3050068327
3054433588
783569266
1698381353
1069926584
1204209583
1673295799
3871363318
4114428950
1483567305
3773823370
3032228745
631893808
1838447424
3001612290
4128427003
1501970087
3642917872
1243596641
3676412715
3100349896
2671638088
1037661956
3394764490
2315115312
378854026
962737743
1077364594
1512023688
3269771341
3578492990
3709130851
2566141949
3130715687
206389371
683193645
2847443874
2001536800
416176215
2441320540
771911576
3499903979
2234167352
9247184
2365374780
3881509867
1289921426
2271953052
2533754197
3497866911
104423473
1556724737
1542360933
1546365100
1424172364
302164037
3892115644
970819903
1415796093
2719718822
153220868
470881310
1085888106
2387917078
1552512377
1327698725
4280669467
1791446882
3628779189
309041095
922030562
16555779
1655339795
3953726501
2371299449
536055414
306074490
1732680589
1983903651
3889819854
3788097479
2176041153
317496684
484366823
2195537020
1501865493
3931463254
2627089874
3802522140
66064040
1136028695
3800910970
106393202
3054439628
3172879056
3194401370
1831459184
436862928
111586468
1011542841
2318545519
1193148656
1485101582
991333876
1933617323
2975631648
997570877
972435576
2093016352
2275693330
767170756
1968077812
1242757815
1247431930
3686177802
3658822914
4001667718
2983382341
3979037080
861943373
1328616165
2389372407
1260067911
3113832977
3664506485
4022704881
2471510964
2762250451
3879812540
2801750011
2836055145
3107841402
3063518468
3740635407
2072448208
660975126
1703684886
357805870
1280068079
65269892
3435865241
3186966957
1076380123
2321774017
360234177
3161524458
2259091282
3595958100
2017127479
3417214072
850659398
3437015590
1301263749
605929842
2937338628
598746655
2605366228
1110885640
2203990738
1921620408
436984411
2963272806
1095567581
344276090
2158102171
1607524931
1256690018
1945266619
571902951
3622942290
391125933
438524077
286750064
2447223819
3556418353
1675786043
2404750039
258640841
625697384
412970606
1397128848
1946646520
1805425362
2872239766
2391598398
3714180703
737620515
2309445204
2399057244
3480778148
3090488004
3273710032
1204207041
1562144356
1348202034
2833702415
3627006719
3446534563
2247557445
2655391154
3752776659
2507031622
977789530
405871723
1355179262
3664074372
3255426745
1972916295
967094958
4202211817
4252006322
723508232
3672659212
2059287868
2230642926
3680139921
4073304634
724845468
4207009895
3452804810
1426680944
335472021
3028156706
1834216042
4164050764
3380782542
2446891968
2526444177
3775899806
3538163318
4143699598
1195803408
4099201046
1550504799
3174559113
2893403006
1943404514
3559298053
1660046731
2364556978
1924200217
556854445
2479784981
320489989
2354342815
1352679420
2125679388
1485147858
3690269003
292840317
456922947
4221205798
3733756842
156603503
138397120
3563443987
2982658017
2551825009
865791358
4021912765
339473038
850255311
2475643826
1889825179
3570454999
1151944894
2043042576
867755410
1604123771
2327843381
440129166
2045777708
675061226
1685029226
4154531056
2210136088
525274945
237173858
4023317990
1001911151
2783460440
1842024578
3721763652
2391892449
1873445793
2613421465
575409131
2388218753
4228548255
878484682
1613297000
1869725259
3237763668
2964747469
45221046
178493443
1307464451
2453486680
4101321114
681032921
1211411696
1894865798
599657834
2990424662
345915320
3164298670
3321317209
933519785
7998069
3622323829
3513706186
3871459576
838555748
1213258097
2041191087
550961621
451198198
2264508634
1691086982
2340122401
3673205910
36081817
465592221
2239811978
3807540529
2110667939
237724930
4064510819
127902554
2961666838
2920507370
643878597
413681982
2757085513
3375289153
2671006573
1093161810
2765404725
1139232994
2207517602
3244145086
3957982497
1590366892
231378180
779678565
2366387686
1402236941
3103419001
3545051687
3755360111
2095414485
3855004510
2519566805
1614294989
2562649409
4111425143
2341376251
1776441302
3883196065
2854040366
1247339238
3387834083
418444361
881621308
27754514
365230065
3125184240
2084313925
982002069
2080388219
3723350369
444836318
1344790034
1416913002
2797388804
1747198535
1133538417
1082722663
4037361080
2708824807
4055889048
1803624449
390705323
757885359
4243097945
4005458082
1788011462
62678844
410643280
1872178468
1698629143
2028197866
2565270734
2309237448
3838305022
1849464651
1269056369
1914158696
3277107552
1697508002
2534347415
3565085493
2176092700
2704316575
1078472371
1927498835
2818119414
3020019008
4125494706
4185011481
1789408439
3320308197
306345187
3909480498
3963282309
287298290
439570425
821489698
3430224719
227744688
2783901964
334036309
4206412807
3750604742
3342307466
2152998173
237297830
3188481122
2633001222
227702471
16577692
194372948
1754931968
1087251146
577259548
2776540746
2043681046
218666370
589968620
2392764076
3534364055
1093266297
1245966088
2540383431
529153812
3260522833
1391089702
2458710421
1746921273
353538282
3276563197
1431914733
4284912349
523814865
3225818470
225129794
3356065459
1855183243
3607309994
3810141891
1462329134
530691928
2618956668
3121310486
3752037285
3445205192
1915882966
1269582091
348183265
3656673360
3885228638
1853943052
300636711
4000811172
3815255802
1738739955
1136784960
2278419477
4290874401
3963056344
3334864264
3877698656
3498714246
226981470
1694044594
3685852374
1703769748
288350588
3570989507
1768684373
1399241925
2532477060
507104856
3378609896
1408326360
2854319401
3236541680
4197757233
2472524644
2424655410
3219991455
215890061
3476181799
3968522784
117497563
982449433
2093205739
2152836944
4235965162
1495929332
1752676445
3835366393
400874571
1283019534
1306696508
4121248298
2651776987
1239947701
3750267752
1783246030
2838264925
2941505835
1284389292
1901563223
2871569934
2426574214
3990038748
2240397202
1078615620
2995049645
2952272970
4029917217
3854689450
1588092597
3114036636
804248501
1475767780
39093238
1124460950
690680743
1944619877
198861797
4140288609
1425690195
3840566139
3281093390
712892357
790278293
4079459523
3884352206
2249008515
1260594377
2193949253
1485347265
568501688
3211567362
2550438054
2640713266
1005766653
3045688523
4167231977
891114888
2018412406
3710795070
3530044176
1093949724
1053998646
1707460660
3186364342
1538112587
2939763576
1476261424
2527025346
3107364869
884200697
1332376197
3009260161
959638865
571116689
1311275775
2388049083
608229022
406819093
3128055089
4050148272
661284265
658923515
2364676857
2066140610
2159190561
2125133672
3414887018
4061116414
2291954676
2836706133
473648947
1480044026
2287422953
3854920901
166309367
3339463301
3073634039
931877498
1643566112
2302932708
3593978236
4016664616
894703359
1444135721
1981425246
37464714
13788774
3150818547
1654716686
2737789858
1465203852
2458733843
3345375966
845616662
4217986244
2874641182
1275452613
1217251839
3627489472
569896786
3228428869
1601341992
953185690
2687929751
2950417557
884677737
2816579851
3617333949
1249751135
458619140
2792158343
1579979666
1302641470
4075847067
4042840130
1633009870
3096518008
2283823429
3194202051
291315562
2302247871
3962946800
4021323148
3073233583
4172705593
297567417
2447749209
526167371
1015117629
4172005123
2508871542
764456735
3070597643
3375666904
51123259
3146962154
760124215
2234739655
3289253721
3753658311
378414750
3665179857
2378324741
78768968
1141314547
4196165868
3546922215
556891281
1721949487
21785040
1304258433
2579107229
973242688
3590575821
57508967
647401188
2375901351
62164128
837121089
2713071806
129031475
1559822348
2816490769
2299290180
727394985
305369701
1092605198
3327339508
635586287
4021691966
3206899062
327394528
700017218
2306970681
2667856095
2256750335
3993601913
2376672389
1941832498
3015404443
2714093422
3677418658
1646952145
229122803
2917581386
2609565812
1869640346
250469686
122858485
259091966
638766185
2227830244
3209074663
3786007820
639215664
926650310
2307977718
2173169502
3057907171
1077010474
1171195721
2857636184
1120493235
3616324101
4246988384
2742607476
1887072180
2701869969
2802743406
3860983714
1960055058
4129329706
1243466923
113905350
3408103635
2121731087
4179157295
4057446524
2940593799
2269132334
1264485451
2693620471
3826398929
462361710
3229446828
289653085
1828678627
3538506371
2331315204
2654122973
755972760
735559784
2283927412
3871906164
4274064822
2582711896
1876410218
2099231077
2911161583
1884200497
3881619963
3294527836
2910047218
2515509675
1555251969
30151271
365825499
3825674655
1627435795
1828334170
1496440627
1461207852
2683337430
1774831400
3497487061
2834376105
889424507
3026241202
3715983841
1598201569
3260877321
491098815
3544050351
2163338909
2330649794
126424550
2843781717
882173089
898946962
1191184645
235436964
1845088991
3956914945
2772845458
2248664054
2922821896
735282441
2507066470
863469288
1039508168
2164610795
2020329201
3481959064
1256175447
617804502
4090813942
1772652434
4106973811
3516537158
3188373333
1110698679
2010658178
3505810991
855058004
1427468893
3059678884
2046017022
3304658035
4025229476
2395483278
2161930458
75102739
2172913166
743443037
2772415687
2306677498
21638477
2053644654
2198991740
3152733
2481896753
2830312810
2731250300
403530039
4139284407
3165973041
883512398
2109726520
1191431359
1343026286
3564426751
2687420943
261159599
783001868
4272932243
423030625
3944416031
220461201
4062939443
2358172811
4089461615
1496659054
3173600524
4076085514
1819789448
1468144036
1732461622
480027223
681821948
2763885653
613512172
4178509543
3239744697
2456091632
1575932979
298181614
3342282882
4150389558
2187129217
3928033512
2123927406
1068805570
942921129
75119678
1006748067
2706171593
3686426235
1146474508
605468119
2410101536
1257719065
2056592335
3837713111
3727670124
748873396
2759696605
3057084683
941310061
1677310194
1016377780
442157428
349579222
3766217429
2424869062
4254833777
810793608
1180817447
3665064146
1123062470
4165374082
353471957
1569152105
979553171
3462527204
3995211614
4058356182
1147222102
872398182
1050603356
2542588879
1919816104
621661583
44642591
3619861688
1988829773
4098583698
1751475113
1381087968
4033656725
1074106461
1888145058
644112310
3127520787
2644367329
1976915662
3680588634
3540274245
575457122
2726366190
3227992663
2989789550
2362891534
2969197564
3175733996
1257642208
2015788729
2782248648
2509454215
803565599
1626749165
173032191
1768592911
2874447848
2649873871
3107422304
3493485145
881727992
957919495
1055444501
1499800046
3195792234
3432960573
2007356954
2398420267
3945355715
1228132731
2460968777
2264425286
2905635292
2203745500
3458550489
3315292193
2107314277
3769515851
3887259290
1844303449
708104688
3293168074
3197100480
211807813
1114279819
2758429266
584515514
306478271
925254175
4217201991
3009959967
2609536492
2012711247
3058511462
330993004
888897234
1838995545
1255959529
96950475
2000816137
2021304977
1605702535
480886154
2982524021
3179584958
611737749
1634051150
272599627
1627731467
3862763798
426289883
4178286501
316886154
2374628738
2399396092
1362763296
818602196
3751166310
1968790806
2095811412
2411900908
3477401575
4202716393
3548489768
2985602081
3538923959
663489770
1750343260
1196981789
2712641431
4084718924
2343927164
1209668153
44849121
2515080371
2374945121
3170120603
80338055
1312267966
3202752839
2912289123
3647636923
988120769
3177482838
3650453020
198252835
3741285391
3409531106
2608630037
2921637839
3902970446
376859864
3823350945
3875202559
211327748
2377663110
1247479256
2127262461
752839594
3275162266
776140822
794489839
1259219621
2051634400
3764959845
1280416846
3203003000
3548840667
40116219
2700365033
4258653353
3758267508
2732943754
741417887
3704900970
3017332280
4038749239
2833551218
3856648785
3441356102
4128843686
966133669
3234245828
3407478391
1875200025
669689510
1082607185
539454230
151863652
3058625679
4225293821
883247818
783974836
1680899334
2540521401
4006388344
1402065708
144465098
1442530001
12674503
2114749075
3452857705
1059761064
2291851531
3816024658
561448821
3374257283
3469431290
1186877668
3428865320
441367478
2349620304
1440217092
1499756270
1423463786
2564129730
1362247009
1809535840
1203001116
3098765510
631694163
3612039632
2438857130
935794870
1505724934
3015562251
2747315870
2364956283
535923799
4034920730
1633933648
1468786329
1313349413
3092709811
89868644
737797415
1348360935
2120994402
2753625590
1144201487
997701497
1300013017
3543694955
4182493371
2049106981
240552654
444021151
968127020
301136376
2496532735
1143555999
2566918161
1622680842
3816890206
357060211
2775714579
1717130244
2947798460
369410270
2278778126
1003850835
1498262465
311462177
2266681276
198194471
634421593
1116993550
503403159
806749489
755869820
2656534190
2270425870
728185729
3019661358
2421599512
2337141931
1427834490
3971425797
2706696340
1126087509
3045856700
647836915
1463452717
1127893155
2079360592
596181686
2474017221
2693847880
3482973265
1143336059
3005051972
1456594249
678308087
601897576
797882612
1223729170
1785013084
1217054271
4207516917
4022672619
1742728182
3979051870
1416180112
2577619089
2886706407
1842815972
3804442723
1367380977
4196553917
1318434998
1668855275
1772343621
2488809889
962509965
4199131095
3535511352
3638643115
2961481530
2371888096
2834872380
515980878
674683778
264047123
3564152569
304926034
1020012772
4254380287
3197226284
1694093871
1618301665
1662105913
4096123084
4205296463
2927339486
3361002180
3727551495
2916589227
2260332712
2800433018
422832202
466066085
1635895239
2737729421
1132769968
3685998476
3634310851
93012297
545433682
689511126
4387468
2870159778
2072560038
3821566509
4276428765
2422805246
3753070702
3520088221
2301467167
3001679143
3420263410
3022486761
4119463831
1095491777
2331831392
2773323247
1952069978
4223332114
4016693975
3531341783
2577170629
1494411180
1764525921
28252108
2924007853
2636622566
3070223819
465951153
295491158
4108883821
1674055819
3318077587
2881556714
1764864754
1547172359
3861887089
1320850622
3495353214
4270282649
3799134871
2025060948
1416439720
2195142464
90200560
3062464103
3512965266
705605075
3629172342
2194774004
463619793
2555552514
4193151613
3971761011
3159186710
3072980420
2638235708
1274094984
773904533
4095004495
1378789669
3961198723
1577627529
3121781224
2382461910
2108162517
2641595997
3510723372
2470205833
4043523939
2454686858
732463982
3125256188
2215419296
1424806408
1588674967
3202011431
3665574006
4194570340
292654844
2345329185
2164703923
2789137271
1313334352
3893895641
3986181286
320908136
4185022019
1278024586
1385274985
1304669580
985208434
2935621830
3025947934
812921102
1772090871
308603596
974161683
2087910199
4091377761
4073638746
3169052829
4221846933
2488998988
2746232833
3508515089
2621640208
657461498
3437321132
4049978594
1288526783
2209439333
3364119954
3248987939
3827134557
569998081
1533793111
468463664
2806050230
2344969544
1397155395
3653012763
1288035533
3396757726
2470602129
847787672
3806603786
2354474282
25857997
135011051
2544119571
548376049
452580229
3893503813
1264595623
336857578
1514361755
3195175182
4046510797
596446387
1062359370
934371587
3616949656
1072893782
1372064249
3685879773
4064014390
3975958451
253722780
416287763
2524262797
483311360
3591506648
4253092834
1508120556
722140798
241109294
610708983
4219795488
1305757453
1258704019
723337710
4229870871
1919716871
34092873
2655916068
341446460
3801947545
1805958488
1252640503
2036511909
1228773053
2500752663
3159923934
3875526876
776506898
2828143577
1934558489
585833422
2605935398
3919337722
3253744576
2369767540
4227079330
3793116930
3619837290
424883190
2300730919
322614812
3481442020
3929557625
2370854744
4153607339
2114323811
87736780
3448889122
3330400777
3067704049
2733272421
3651543380
4182778757
2908188603
1786942278
3079489676
3755276372
4224006659
1008574811
1956571926
3233526279
3407293855
2273462192
2089614652
1743389204
3397957046
3758226162
4149929145
1642258548
1449192232
4105948260
219263903
3032030446
4181828929
4193831607
2904537523
429457965
2570864388
1150554996
4108641673
1692730099
2729040903
3279409240
4141791281
412819539
2493383478
3859359955
1528635327
3825748097
3585157858
1950651859
3484702330
1796684490
3463963230
1213465006
1429159911
2826510643
844374876
4026271345
2271787157
286327301
4289517161
3824721241
2408202892
4029175439
3158379923
54404777
81363639
3549890660
4003379782
2901917479
2991658528
1709273669
3530172953
1678678019
4014794399
4277283090
1693600565
2515092231
1345640882
606457459
1908148861
1078163007
3710945944
2313398214
1656380516
517488328
2188095005
3572725705
4244717403
2497967962
1807829304
4285929829
4286334354
125711478
3218116362
3113601132
2588072384
1122348157
3768380507
2449194126
3297628524
664784324
3409289019
934067424
2449556437
1794090476
469555675
1999502521
853204850
499998232
502673518
1936130718
4166295825
3975281979
261619161
1458008292
1528006542
3580762674
1213380030
3547192604
3989012878
3998412642
653757272
3268647766
669985930
1735889937
647351355
947944484
1812574648
2311134168
3070190938
1114578862
3731802306
3117959770
1106633848
252944459
3329710645
1560636506
1806508432
2988510171
4019689430
1387829897
3415258379
2929085451
3691770421
661906917
2119029621
3227718417
3413222451
197268486
2252866471
600060082
2116409743
2891356752
2184892567
2287976235
3830396058
2569074299
1447511289
1121499206
1193939750
3883138005
3379306212
887603005
922679486
1956161471
3125074305
1227916512
3751238401
486945232
3396778377
10970470
3721989094
876098659
1623982970
3867799671
2898783499
1674313507
3824605382
2157013304
3033126272
1210241754
694531250
1657239315
3291325626
4230093260
3550045321
4192856511
60903939
558837800
1609124326
900595991
48680767
2477113297
3171527971
926682560
2604980996
3230570552
1870287975
1005679615
2761587685
1325131
3385422301
1872881479
413979425
2092456436
1308991525
2988083230
4051180177
2362476393
2951770330
140856277
3746040246
876615149
2624291360
1310431712
3502480298
3669480587
3278289615
1450806171
2880073227
1620845247
2328358824
151174661
153655852
435464543
968001510
3068532384
1334814959
2048936032
4025182859
4233965343
3009587930
2072121957
2684466022
2982189009
2882661896
4282834889
1587391301
739070202
822618350
4289852050
3239237143
1217579970
2161942791
1159678215
2275930781
686055746
1114790887
2588140974
367335347
1731956366
1997513047
254246234
2960254520
590041473
2839377676
3823731970
2560623697
4198844211
2269286369
992998251
376263798
3437786138
879763655
2258470978
3442267603
23942524
1697088780
27365232
406921826
3036937774
3353712379
3306067932
3203215718
2445494825
1139755850
624502437
3422502078
1482244297
3511022250
2094968853
489792700
3804043541
475269405
1475346826
4134488214
2293824620
1826466425
1473239548
381061480
1196394061
1008718978
1793968498
713788479
3008158987
160088364
3125018906
3778530935
332650789
1610744079
4263621782
1008520331
1198355023
3548006261
2808929263
2424536072
637918769
2847238344
2006214685
305669791
83787194
3228410298
3365097733
1399451394
490631836
2236371238
794767648
1107807170
3234402449
727111458
1947572428
2429113405
1856692250
3771741062
2966928076
615999546
1536722868
2716356005
2108956075
6643793
901612150
3236426548
1379259676
253618554
757176575
1848618995
2577237521
3683440019
3546359804
456590205
3686271066
1697335302
46153884
297998013
2325081043
2937437047
106214769
2676991918
3278856969
275080273
346481233
440342675
2379204605
939468045
3098494828
2641132602
1590248436
3428475586
3716488694
3148906106
3210097288
2372137234
2587010454
1383355926
557412408
2844592250
755719338
756858694
2760853084
1692261445
1958770685
3096230503
16952426
2168665218
3743421406
1888243818
2709058025
3204261495
2808097158
1788024711
26897475
4287333536
2631158790
3332561777
2991589876
1487672799
4253121368
2696039928
522395588
2323468973
3824282320
2662339876
2692489066
1007813183
1590904046
3435960162
1590499974
3486630315
4117038561
569374798
2484415286
19179818
2518714544
4133333122
2619280305
2207141003
1983376697
802939053
1219891894
2452472938
1776868023
47358654
3369618261
2922153680
3368247480
1767332440
2489286094
3838697711
4245657757
581550465
4129312314
2740925890
1872695630
2347379272
362160602
1452927157
4292979837
1317959889
3542821803
1172450626
1475592611
119114104
2375409318
3011022521
2513932144
2258328112
3451214367
1755925501
4044958102
398465190
422273855
3294633574
4217923404
1420912635
3039224840
3151911355
3042256443
766916662
567238522
3997618000
2189127457
2849297134
1656305351
2933579336
2665319687
491209674
2817184994
4076411869
1852579034
1281461632
1576170785
218957208
2894265730
3825435746
1362446687
3320811568
3967405295
3612187699
1233900738
2905217367
3853689897
549973415
1792854708
1124771308
573241582
3857555882
3039833274
2837882025
3457452849
3476264522
845771335
691235252
483547704
857644675
781549145
3955192459
1450283025
455178106
302692591
1551655586
2016500764
1954773269
7253483
2151775467
1793121057
3052793704
165481461
149484878
249299630
320853763
2204739646
3651755379
243138325
4249113002
2937373403
3523501487
3925683329
4063312861
1965753942
3711457627
1279787503
1543381295
1361566967
721778947
1834516512
3493013616
2620832620
67507402
4259272148
3133631890
68881272
553477482
3261295675
2643568446
554365153
2087951101
2013640780
1956848184
2219317198
799115345
2068698115
82071803
995049625
2452619810
2738796307
1944740753
129726209
3074788540
349392249
1519278687
3825018170
457537820
2778670698
938210812
72411801
1417292266
3413048990
3205519276
2653985915
1402476614
2165689162
53868221
2569977462
2817540373
932898836
1806338244
1682037857
3167706320
1219974122
4216901103
3292771188
1689018899
1225973027
4009696272
2597645607
1368495088
2392956512
1122696554
2578884784
3847427161
4189283764
4104272357
2714284358
710753524
3574283801
4079593766
2185516129
1030192854
3244631488
1693188175
1277244624
3024835439
3019641355
1343904328
924127547
135301487
986950308
1710792897
4017912543
779551069
1719543302
785973578
1001745710
645372748
1462897546
1756853235
242131546
2695484186
700226333
2930795199
2511982635
422116463
1905105765
2385727882
3494512998
3621450074
255619128
2014802725
2242341030
808801673
1552605173
3108476967
1010906614
3463379696
2883739511
186245903
760293426
2608874983
3675570610
1818982554
2708697838
3833778479
3338517461
2268158689
1044899534
2911552688
420260191
1830162720
3298713683
1584208093
2489466053
4268800192
350564575
1926087128
1119431531
512515913
3763064373
989530737
3686840307
289655960
2590258415
2028865297
3130269710
986200930
4275309964
3886646542
2465513504
2373676164
1424088000
1765887938
1327219760
1346264180
3556419457
3001750981
4212253110
3733673770
4281374099
783531901
2672850970
2008334540
3263403258
1336949569
3590688039
2637926981
381155042
2685212574
354793910
4043684675
4163166793
348395556
238519537
304303894
2251737033
3438575731
2463831439
2663863298
2713926133
186313917
525005911
2511839526
1148417764
2703973373
2443247793
2815204379
3493918070
3375576231
2640248633
3137471560
1455135793
1117008497
525405599
1368666086
315030851
656041739
144625996
813519864
2602265828
2578577408
3603871087
1298201376
4152620120
2574698395
845347309
3608501013
118660144
166002588
1925428941
1813116244
1645484932
83448687
2087138305
3974283787
3785138370
4292302383
3785708389
1820829863
3943000859
3648160292
2377727680
2751544774
13402359
1446769272
2902767685
4120677697
4237947647
3403339120
1138192560
848309374
2771062905
3856062665
1765473377
2576773441
1289875386
1731333172
1349651621
3745183186
3729299495
2277809150
2499416099
2049834321
3152332268
896126263
2514618793
1686968616
2846114641
1241609530
3107318936
2507805170
1645168211
3012701486
3060364746
2732280645
347489789
4208251565
4052239117
4247011912
1887771857
1250748810
1808365111
745195018
1404452160
2203690314
3905782914
3334860801
2983675596
1554984118
1821713189
3861596209
1507520546
165731850
1276657269
1532991695
284177982
3981150706
1319761307
117648993
148959097
2504638654
2224660969
3227743519
904667555
1837156697
641682777
2123231113
1018446091
3056592375
3330176702
326463128
2228345180
1674268279
387551461
320278980
365769031
245273027
2169731508
1892339577
2721327128
3359485349
2872015906
542352920
3977729533
3849016506
599472246
91046203
365186814
2350420143
2419706543
3656557411
233008132
2790787032
1040164140
3999957782
3211859570
245445279
3086671579
74403621
1741699475
959234882
3133695714
235552332
2914418914
126066146
2513201183
119011717
4263907419
2572012508
2917281016
3433587470
1803743495
3993126607
51665795
1331063921
2390318346
1243571885
643934115
1519781199
3756559575
874870883
435802668
2197674494
2061180288
227778815
1664419392
557837422
3158392502
1153692097
179798621
284641613
4183225352
131714034
3458119943
949886474
1353423514
58082272
1193375946
1965054407
2722580239
1121236987
3876484579
3281585830
3799348372
2570942797
1261896229
4110579982
2680218226
1343851664
314594400
818793355
1974637276
1163464113
1782019334
2657824255
1221188443
3792868603
1649624375
1382808281
1099408119
1233443319
2410328133
4257357199
486656433
4282356224
867429213
2217182517
1714772932
2536363649
1361052309
1546904575
1345185920
1365402841
939054901
1025441427
3997703822
2033247927
1839369499
3688858256
2369410002
1654661310