2684616921
3560964096
3695181824
3489685504
3623878656
3502247936
3636461568
3493855232
3628073025
3498049536
3632267264
2415919105
3225419776
3359637504
3221233664
3355443201
3233808640
3368026112
3229614336
3363831808
3246391552
3380609024
2417754112
3235643648
3369861120
3772514336
2415984640
3225503744
3359703040
3221291008
3355508736
3233873920
3368091648
3229730816
3363897344
3246508032
3380674560
2416050176
2550267908
3225550976
3359768576
3221364736
3355574273
3233939456
3368157184
3229745152
3363962880
3246522368
3380740096
2416115712
2550333446
3225620992
3359834112
3221430272
3355639809
3234004992
3368222720
3229810688
3364028416
3246587904
3380805632
2416181248
2550398981
3225682304
3359899648
3221495808
3355705345
3234070528
3368288256
3229876224
3364093952
3246653440
3380871168
2417426432
3222740992
3356950529
3759604864
2416246785
3225755136
3359965184
3221553152
3355770880
3234136064
3368353792
3229967360
3364159488
3246744576
3380936704
2416312321
3225813632
3360030720
3221618688
3355836416
3234201600
3368419328
3230009856
3364225024
3246787072
3381002240
2417491968
3231238144
3365404672
2417557508
3231257600
3365470208
2417623044
3231318528
3365535744
2417688576
3231383808
3365601280
3768254496
2416836608
3226355712
3360555008
2416902150
3226404352
3360620544
2416967680
3226469248
3360686080
3763404912
2416377863
3259432960
3393650688
3255238657
3389456384
3267821569
3402039296
3263627265
3397844992
3280404481
3414622208
2416443392
3259499280
3393716224
3255304192
3389521920
3267887104
3402104832
3263693000
3397910528
3280470216
3414687744
2416508943
2550267904
3259564033
3393781760
3255369736
3389587456
3267952640
3402170368
3263758336
3397976064
3280535552
3414753280
2416574466
2550333442
3259629680
3393847296
3255435648
3389652992
3268018176
3402235904
3263823872
3398041600
3280601088
3414818816
2416640002
2550398977
3259695120
3393912832
3255500928
3389718528
3268083712
3402301440
3263889408
3398107136
3280666624
3414884352
2416705540
3259760752
3393978368
3255566336
3389784064
3268149248
3402366976
3263954984
3398172672
3280732200
3414949888
2416771076
3259826192
3394043904
3255631872
3389849600
3268214784
3402432512
3264020488
3398238208
3280797704
3415015424
2417819648
3248343040
3382509568
2417885188
3248362496
3382575104
2417950724
3248423424
3382640640
2418016256
3248488704
3382706176
3902799904
2751725568
2952790017