1044268852
1933317445
813586948
1176637955
1213561155
139801860
152766824
1582983231
138888448
587821595
1483947037
728761626
1434128154
290805794
337399633
689120576
171120152
153898015
739785009
340683637
1297483543
1831345723
1884033084
879310363
1343710060
508972353
1967929193
1963935240
253831453
2071740488
1635546153
239156771
945750127
235744341
441087233
861481988
693244715
1612346176
1416459529
271544173
843595309
336090408
205859187
2020943736
593179968
2116430108
507203914
1466181406
911939599
1198932034
100879121
1342511675
1176974147
1516385583
1984955255
2099543133
856828536
306018058
1480614257
239470142
696007178
1831149141
1498939994
1265770532
121850205
856980790
1732186692
1330600279
674707734
1081900372
1848455202
894525004
1834375682
423823661
844571401
360056115
1920609343
926114307
1970342710
792267863
1864201324
775233847
287996442
1343774208
963272481
152247642
7757105
373949493
1695636598
1443328340
790828150
1360279843
1445286975
155126106
1527085088
125371466
2016609137
1260917110
2068656438
657554763
2035498049
1040803687
289034505
863858714
690510365
1241909581
1996554620
727002187
1295405098
609840385
825236761
1662409231
2071669060
523834438
1762546442
1111964541
1869350966
1899500607
689595666
1128738146
1214452013
1342770026
1685419064
1125845630
1662073859
762971501
86002007
1595958140
539243521
1244951908
285215336
839274793
1600263993
1544972342
1312895059
85030458
812520490
1383824977
1635670598
1484401959
189291902
272903011
928193875
1769624917
1902776092
809202239
17500736
1148008717
1666006852
154940723
1010504709
1766161960
1745976155
1914118478
1780024670
184750664
337670194
1568088946
1344561993
1142561129
795090704
1746277925
1579044973
706745181
1012209496
1913814651
1816553529
943529020
169553979
1884099871
1027828230
1970489345
1176391254
1798392642
235817061
1210254921
1024928812
1244546863
1191930667
1680286288
1510105651
1549081863
1545156150
206731522
1311000637
476323709
973607682
1649285207
757165140
520122745
69160247
525882149
238224387
1130037304
1745824351
489885306
1041106812
1074286654
68955516
1363885630
1750861849
1244666974
1195736577
1025848844
253174311
843390746
457838953
1696685168
1902117223
1868523605
1778980387
957364268
2115649572
538386806
1044458105
1380143124
1566713204
292172303
1599025709
336875025
1817911346
1417030180
711547441
1077497434
940058396
1531148359
1784619316
823536923
107622720
1347886341
974605616
175781943
772735552
286262306
555419706
873802056
427649637
371407417
1678603643
34809604
978205477
188970036
693509178
687932939
474496043
926103098
1953921551
239695730
940403739
1429090926
1836452118
504323358
778636064
758336259
661989428
24594970
1600669781
252186200
1617893950
1174764545
1681611265
688941087
1664556862
922771050
1012300039
235208970
1011566684
1247291259
1545799038
1413557073
975135865
1029719061
1700601899
1783172411
1533103646
1886073428
573989906
41418806
723473262
1175334695
171247134
2068539439
1477451625
1145724278
611525644
1497392144
1111888243
1227621663
2051438631
964128773
410601803
1079732486
1964441628
390616921
742793993
325807919
1545087302
958085206
625829490
891108391
1665300093
1041720355
688728872
343565378
1213684502
223769088
1309172065
708796024
1495346512
1663369520
1699683940
1014377475
1966436151
1920081667
1800105849
1515723846
554972987
654859072
1126717720
269771278
772500080
1864836388
862539085
1866467342
1849781311
19096381
1803114506
440023403
1783314492
1376924192
305681986
2015761738
219816795
912935510
1493976668
136340769
1750029906
1329165356
679244139
1650327855
1207977848
774967407
691100239
2105428813
2004449816
169880637
1612532074
1227229007
509761140
1258386777
1702237488
57228907
409427837
1310138145
1729777968
308766295
878992487
1261982778
1963745385
1377307727
1936920176
940787533
2033061177
1210667568
476203034
827017263
559112516
237905201
1294023203
940259942
455414359
706575685
1931939587
2048408151
594307354
203781703
689461277
1241849900
2066564618
1329139748
1832720763
242098460
875898491
86204434
939738915
136185614
1231887723
1731994206
1315642646
524360210
1258448703
1030755331
2001144915
964064578
657793293
39781975
254953240
1579773469
628696349
174553140
1393963851
1259425393
975712567
1601781600
743114351
285703479
1376548365
1530530569
1948012634
589588488
205344008
1645042205
2100179826
207231563
1229002328
2069124361
1141519155
742659698
2066634030
511604071
292698985
302202128
17196410
1649812008
778306320
1464811061
1327565391
1378628870
1514547491
1165512742
407467895
677974272
1125610356
1295543413
1948278630
1326256919
1898785057
1936530735
1510541668
1835929125
1732860928
924793112
357974361
2034188594
1495273268
792661777
808526656
153162312
1866608928
1532590627
252911158
152337217
107101029
897019240
660823088
1902334522
822902318
1662806870
1845646088
1208234283
1332896093
624321061
1545358610
1970155092
1628732746
1394677569
385894241
1131686779
725439250
997198414
2082356746
1024272501
1885623049
990800131
1263885312
1815629398
544297282
589445173
135940967
1678645322
1679822445
88954908
1652121628
692607552
1346386176
908617333
108613409
1715278886
942955860
1579043178
687869974
5076075
1348817741
287733846
1498636094
419763722
1880772613
1595564297
320092789
1548644446
1885040445
893397296
190020403
507584553
1801408039
453135375
1884301435
1785028162
1949242894
1044185652
1465480299
1263077634
644548448
1309363275
1292467497
1813262902
826767995
1765944949
1685456460
135220811
608651633
772872713
356254040
889866761
1158375259
1140934214
641160284
1512517382
71580254
1024882016
673151084
2120899360
1932874870
1935222529
2104646719
1735419950
205265175
1867279435
1527513130
558649388
628515669
1918856828
1212764997
1882201697
846613781
1283343922
72569370
1683913766
1647801923
2030988612
659240806
689378101
1313495555
1042966344
2014069537
1917399312
2001285399
976946954
789198938
561122659
739917667
660629760
762842410
302596663
795623760
1108048385
1829642042
1147083307
1328629785
1981906271
1181622325
857371968
1761695811
1947607336
509566740
152069968
304022378
925904463
1663201071
537792122
422526979
207245918
1411477354
20799010
224224297
941320972
1781350178
605373202
360347671
2310958
561275215
303378222
1279539772
1294692403
1897286477
1211369036
1883394351
423691795
69227129
352863565
525554961
944701756
237457457
859790114
677457921
1159099435
189553248
375874566
390947902
526737955
1511989335
154211117
1296379137
1998551107
809328898
1612382979
1192437877
409942044
1012365649
1551194666
1310155127
472453230
1884321101
1113269589
439878418
822560017
906035247
275542071
528025146
1923398
1515605583
726737209
491870553
758451277
504189517
1023415554
51345494
1800695128
1635146317
1948794231
1913463892
87565378
120148334
842945612
1445942091
358770775
1813133315
2250008
607542905
1665407253
625359971
892688187
1698063880
1644459094
1929843318
220158543
2064717904
1948938497
907680557
1732926251
1650616158
376320557
878920022
171137824
742599787
654462803
711742994
591069540
1450381830
1259608165
124990021
1986358316
88748637
1246498422
556221725
1097337897
1483743553
1253147
811860255
168500299
956975165
336275580
1161962300
1414811484
2016418081
157634563
242815835
2087724068
1416498038
1900575498
2031509527
1246379569
1697524526
1344616512
1079904873
105664306
1566378832
1243971123
2104433962
1276385351
157902190
1261636904
1262967419
374622256
505020775
1310066267
925634915
979435621
1846294621
1881041448
2032930307
55971873
2031305258
662271093
424960041
1392529526
1330518284
203047786
1279743611
119089215
1245595252
243143765
1063028
539431460
1597597238
302543184
809859340
942953065
1698584362
1712355610
693518886
691474466
1314850570
1325805833
1062884629
2069313607
273894774
1114784016
1046302070
758327410
622672979
1816163352
791899003
1041313861
991977064
1148924225
17445476
370102584
1432110460
2101431656
1007176817
119810139
1949135655
593888104
201540425
573981305
859854663
756502639
510608406
1528199436
1044276580
1883270243
1614113819
506679388
323031659
1145393997
258146647
1064717678
1852178749
928716911
1431270150
1716263431
1534798673
1459710552
911950955
236927239
1144855888
1211898672
829700961
738662490
977353258
436686352
2065584955
1597126669
739529540
1615397208
779580538
1628977971
319318092
777468485
1143961609
2066882910
37124412
1901097250
1432493431
824511751
739055117
1179023422
1282631008
643785517
1610617884
878794556
1345924668
289023293
356324189
291641197
707485195
423836187
189229062
1181377888
1413939251
857622128
823211631
1561668900
1263027556
1617186584
908015901
1178631218
1930188925
1862806056
1531190281
2036949867
256927012
437916265
1713186862
2120222018
119932748
1882082671
560923471
37312326
1467498314
2050510686
1247373383
2016965156
1132025127
712255530
1661816878
1007449868
674393882
1159536481
880627581
759889927
140010006
2031581467
54464100
2119792945
343026035
1852274951
695220856
1667576439
1231314244
811167809
625891904
1142034434
405425514
1012093811
1075785809
962993943
762606886
1077756444
2052066931
622556277
386422885
843601740
779379489
1213944386
1734364995
1797980935
1093481586
1698121063
1047029816
775363954
957706011
391333694
1835433016
1093019964
2081913131
409744442
270491136
588317802
37582701
1534075000
107825418
207762458
1432958768
1952463958
1165627498
1498227718
538853950
1192182077
1578043749
1864840010
1158352159
678429979
1232278021
863721504
2066685532
1884555314
1141209671
1714177101
742937180
1194736995
926690876
474113651
1208894332
726608915
1366492971
740113942
453465672
1227707431
1466769412
779102567
1550337856
1143947879
2053927508
1263549719
155861110
657685327
1498823187
788945664
809855560
1249072735
101152314
911756925
188171870
453316168
1058021916
1008886398
86577750
524106500
1851813134
169894725
1025450019
4339225
421427717
486824518
304110939
1246495542
1665169455
1748060220
712773984
1332946724
2020226163
1644306977
539113526
1597123184
1007514380
1585069141
2088183824
1914579737
528033109
892014442
1969186062
892297081
1061976838
309947206
274027128
1080506401
421021952
2116123003
1679058779
1868714843
90660688
1598629893
1749689647
1629902459
1444897327
157494281
1899706743
1478754885
940015179
639788158
1818582025
654593294
1045722648
671362631
1917983044
1400205409
992501535
1562209885
1241907500
590898977
2081912424
1127574277
1715938141
1763719451
906845769
404839491
7034882
929062237
1836010020
1987721586
1366230324
1483633264
276650512
1594974031
1213954312
537624181
436564510
124993337
2117227823
1463883892
1917406784
1897480455
861887764
1500126992
309206042
621636475
240274528
1443853175
960394300
1663502133
1427637584
1294471521
343482657
1836011346
1332418412
1936593157
256059203
1277196068
1546261340
1350180896
536894808
2103537688
761682733
2099458148
1007763712
1261786885
554118998
544102447
941369386
1982557234
2050390541
1009329213
2001692998
1480281130
2000626267
271718949
710083861
1428163174
1232550983
1795425640
1630738227
929245976
758651139
1561417035
1158052869
340205356
1215111690
104474674
220223300
1511006230
6237535
354042479
574033164
492966202
1728138847
1309020264
924672513
393548101
696123392
961956907
302197337
2048087102
638934079
976976171
1968585770
389239398
1448300602
874397042
1514030717
1248596797
623990076
1131094818
1799947353
1882199631
1763134512
488007954
153816832
56575579
1930064198
1010653471
120218187
1964794632
957178955
58538766
1443042816
1012160575
974527516
255074590
712536358
492005643
1616272490
1310464816
425020979
1393509676
1985362765
1010725648
777136914
2121686319
958678097
694120053
273946199
909059844
355866202
1326591073
1059324677
187172626
170294843
455561511
1716472359
827815196
1098340616
880566874
895038069
1294548849
574057549
390428987
575412000
119426564
1247761266
960065901
2020169475
1884298811
1879662447
187569954
1631734549
1830621255
175380593
1999193208
472727622
1130199101
762863186
1762995258
158666821
624769146
1445528087
1850415664
1278491139
139208497
657728273
544550968
1175216760
19364874
1615146259
1293961827
169299260
762998867
308828674
858286141
1983860310
425465860
2000906771
454450460
1903961682
339680826
1297899133
1147036188
440030321
57763965
553732185
1946486594
1627865370
441404486
528176248
1295722345
2033124696
1649833040
1883126884
24915026
7873108
508713750
1107369056
606105708
855968578
1516765810
1649702441
492897902
1294285059
675043097
942766665
385900816
1531660404
1918392107
35476324
1948805187
910500657
1210976002
1216225135
638207313
844509760
408498956
957097266
707925275
928855142
223638360
1180268613
1716478725
1245139239
1476790571
1644714312
1983719701
322330936
337197071
256733293
1918848619
69293058
675558697
624966692
1982344987
142219385
589579279
2052653574
1477408790
89332739
605497110
303175221
1013145092
1667049996
574962724
1752392278
1946420072
1663246155
542644254
1077610272
1847421982
573115235
1632725815
252993387
1379733845
1011444276
1930980898
911877394
829389393
1597512509
1802460007
1245517156
2100693363
1781289020
1447650666
157309048
1614313561
39662357
979581030
509966422
909588848
1885691681
981164348
1813862227
269970755
136126276
1461214846
1830304071
1785937432
1714579991
1918445909
2071742031
588541527
1668427584
1312819717
1531539030
1882868092
1359939886
1516375063
994267221
1346533149
695303273
554316620
1483280671
72312613
1747850756
1411732760
22902276
537337980
323887956
879827485
202777469
1399932954
1699430698
326574633
2102533653
1248868165
1768437074
186402823
1768884597
908223512
1030431356
1280863538
1594062931
1459703933
1551124007
643981618
437479500
1047481160
172191264
1667198240
1131435816
1496527412
225642275
19744343
1196706101
878594156
1195841567
71437427
1212687365
221905408
1730575985
1361930101
191629677
1124927795
1327516445
1412641387
403726121
1096706638
1583031422
626023777
610817285
2048146030
908532601
692588087
896154721
762579531
1344033912
1430206529
1412847881
1108756250
1981179259
1313014079
1513295737
990792817
1596878361
777599286
1633043521
1383606535
525142088
511579736
107821615
19202890
1365723224
1648231957
1866604829
2016631928
322722112
995776090
239169883
1901603678
1226572611
738670202
90199117
1028945678
1328439846
1813712938
292963149
1679822704
157033825
285556315
1182026519
521955329
1062230842
1846021393
771782680
84961813
204031612
1698895984
607157533
1141404502
2000377120
1984110182
493433112
1057361247
1059065888
1333009017
1247633259
1065162102
1937666423
404898867
1847936637
773919000
1829910876
2116377874
1093993009
1849896553
1092368149
1652245530
1768303972
1127239785
1178276947
2034597229
258613834
1850636038
438138984
1434127387
7552059
611940395
860559452
426584641
1279223829
1867523698
1433872229
2014595399
307307628
1462199101
169228141
453606224
1730444312
510422544
35941656
979070552
1409305602
1427926821
187987799
509049093
1953371516
1633232449
1444563514
1561401407
1209546034
1024591128
1076693072
841962057
155722088
269841009
526924581
1434086400
1025602583
1712485737
738797628
441529091
410456935
1968259866
1779044942
151209515
1583701765
1125734729
906130456
1044849473
1766354242
963586583
1493259783
1132094288
1398825296
1182211886
825371478
1984320571
1786399609
339508810
201394287
1846899722
928391232
1711554316
1177551966
1918507799
1413111165
125058424
1012997662
1969231672
1752113164
1562510865
122038034
863592767
1025073236
654778888
509551122
1932815877
54875172
1528133237
1010703386
1461461031
1868695393
52892517
1530285615
555696657
1143565093
1511729505
792742752
859196173
90252632
756684878
1176181859
909312036
622592580
1164712452
1729580841
2083286296
21565449
1314406459
1326454306
963986500
74127699
1144858441
1862423558
1224808246
293225544
788626498
191767843
1751455286
443301192
1431071864
1830030961
454232360
1429209945
2053964395
1276865328
353177871
1769162528
304813324
2101298176
1495349573
1868505445
2118845226
1963855208
2014797607
728395821
676999020
275514918
158808673
1815631153
2097825305
36580477
2100580389
120211825
1230571109
1550263602
223555158
340471659
1882723707
1210455082
1209553224
979914820
1948532787
236723998
795243323
1630350412
1415330108
1762670379
592453657
472390701
1244166424
1007050035
1579229488
1046958880
1767458850
1512789601
22438942
1064042571
201539856
505091162
471417867
1113602912
2080836156
472268358
1059138330
218376236
813256255
1900307017
1782142736
1143080280
426838870
991590489
2119456617
1160323158
605963871
152771893
1801865823
2103342948
592119321
1043554165
839403053
656815686
1076503114
275925878
1014633224
1281174633
235684123
437218143
1997304874
1427649099
1547898679
1953042546
675625571
1161494861
1060470323
957026356
139399222
874452316
907355648
37899276
845239302
843449103
1968786552
1480933947
1394505494
1729971229
1129258792
1713335387
1646076470
103840256
186852704
1550734155
1953456970
1248468038
1512400702
1110378752
1812294225
2065848871
1612673048
1515999747
423044144
274692128
661878627
1292782915
626681431
607467105
860584467
795555949
377057080
387977067
911178874
1215851798
1091638323
2101612545
1413161493
437395722
222767667
1779304780
1433230338
1330141551
1060520453
84615799
672951864
991645813
2122202152
743441414
1628914002
207387196
2084646174
1785219856
189942106
1884711205
1963794551
527524195
1450514962
1702196253
526604356
644354349
722231141
908733016
1094341224
1476492811
1633316668
1629975152
676995186
939739222
1931368711
1409815849
402867267
975858224
2001545846
909737310
743055483
2033345373
192831794
138760030
492580986
441936936
2117286514
57048357
1783067445
743320167
1429688435
1919553557
238890256
2035897128
990666339
1983132693
2117029720
1882485374
252516458
494415980
1113409137
946758446
1192499808
1566905202
1918073958
895233327
2015646547
1044476993
961811563
576926745
778901061
711287161
1176966956
340085822
1545215263
977363043
170614363
1262692949
842663538
172440357
453011217
507581036
826149179
139147852
1613706342
661483284
71452263
897197920
978658074
762582821
19167327
756111434
892414013
1916811113
1410012428
807629830
2086486647
1327911256
1242720315
1479965445
1644964167
22230581
711673440
1130779405
1581514784
175930161
827803718
1987714674
258369855
506482719
141365781
443969149
1815304503
69039151
1560365401
87891750
1079249413
189347618
2020686895
1662547234
488334401
490757656
1281252974
706354287
506029124
436746827
138048297
342447997
1163879948
642464072
2048597063
1934316549
1851868776
1332225894
1243113515
924064052
1763533169
1629958955
1562527569
355155011
388316208
1416912223
2070749557
1617839449
1077827694
1199130898
1426601533
978659645
1651199744
828132724
1276772957
37172081
69819678
226042646
471934483
975385930
319255564
2020540983
1665675281
873732208
1448481313
1784568951
1666458122
1231897720
1550386786
728529162
460066092
158741249
1681421851
907871607
1460999704
454439027
637996875
1950303344
1131481120
1937589008
1312952847
622657854
1667180621
808789528
878723914
1295190868
930764403
745478204
693652272
824002315
1602113651
1784021514
739331865
1879209770
1013671433
2052670003
877213443
1080441685
573799527
1865627724
1195522155
689838702
1230665483
354494232
1365907775
1684739420
475473155
2003860083
593779477
640835436
944186992
840374819
1093416309
723918667
906308192
1734284121
285672793
1966550830
638342942
275217744
1511090231
170879551
2099984143
1531717995
1985894743
454368301
509617971
1963918629
189794068
309144068
963724067
121725748
1594034293
973340794
1830098270
1013850422
922973796
622883695
342383943
1047737908
605234506
337917718
908205582
1682505768
2051607327
587885584
1916740728
2098814520
1828811523
1064203052
1863068929
508301350
1712078877
254163293
1849373745
1748590623
942475382
706950262
1684623145
1885959774
1395485185
1565272177
1930388574
356400707
862539639
1749115905
1732600669
409680903
1618298666
1668433235
1176652807
1399806839
1931835259
341407329
758930998
438791956
104884570
1180967291
319778921
319645808
1815503948
1750351899
520777805
506337110
455412246
1682179183
1096107568
2054832644
1299845460
172429833
1999318847
272908089
440336907
1746079805
958032702
1047545129
706692892
1601533533
322046318
1896706135
1779724377
1292902969
289174625
1079781415
1882865983
812143932
1129537568
406665795
1107305847
1229858153
352462108
2021271634
889224739
1731417381
791232580
1913064996
234888456
1531393361
1697924123
1599560780
471285100
1012481914
726955567
789580913
1046951009
1597583191
1058809142
1567521329
489630528
1377860712
1900766577
1530401566
846203662
170073874
1567435851
138151959
1311405110
762537788
342887738
857409126
1698198654
141254759
1765606510
1262951763
70603825
409564990
422396952
168638824
1044006695
1115167808
1696494934
57427509
845754923
1779444858
190579297
2066023218
594808695
1093104493
1300051547
997148272
976972800
1785138261
577207907
1517050489
1730424084
1029770317
135420770
2088508243
1263958586
1130500410
1714706286
1363545952
911041029
1412372785
1594123638
1124885513
1644914784
537282890
252783434
1197082645
1297960028
1815167856
1125084502
188440350
1566263363
945370483
1025732714
1212631042
273446707
1330340105
1662924399
1062042138
891114245
1248660503
1915162675
1646342922
1612402711
1702507105
1697723256
1986742125
637873929
604592980
2063600648
1612841829
889998862
1713449258
556538674
276460115
1933081212
1094345255
155520109
1829981037
1913354279
471022626
356975990
1813201167
1061296499
1245077808
1566507091
156714010
273748573
908338195
352525401
53373249
1396065062
827599390
1635285532
1712199940
1846885452
1215436842
1594773601
1749050653
360066901
911082814
1883000431
1881090563
1382893937
1144981828
153644377
962474864
623053855
890984794
427307268
1963668801
458453840
806974789
57940768
2047552604
438973003
593971049
358564627
572205947
1612785245
1061292345
628425047
744180323
1768516694
454847358
242353454
1416900670
354882055
2080591129
55968000
1919901286
572139293
894512434
1028599553
1712277575
827480162
857735425
291270666
58206981
423700813
779692638
488202325
509092612
1918636400
242890822
1866217022
1883324180
242169894
1445200679
208339214
2017727303
322201643
427190646
1413744916
125254967
543700041
171982601
1332816199
1013602882
441066849
776563026
122552389
1011768090
860821790
204418637
1242055004
1717448511
594244674
1635666522
1716791873
35983441
621883751
438858328
374372432
877490238
336678199
287142200
375016817
510355299
642134297
336021836
1497071157
1528373358
403516754
1090913858
2018463766
811469387
772749388
808599621
2068853824
1782580775
91319658
943350592
1718882655
4797742
1937131866
1347435611
1275543895
2099606808
1483438185
1404174
287975455
2051030624
336876122
1497502070
1481179516
1162629183
726878214
291919386
1986545951
1277435252
1866231673
1164596569
606027290
1443459662
1932672811
2013738241
688521224
69941264
712911912
1550280529
1046304817
526977560
1885672960
87180138
705189971
1630160387
843646794
91172477
607614840
1325473380
1196763977
1494572666
38342705
1143538290
1392642075
2829143
102514783
124655404
1076656201
1664574208
272773754
1919954241
542982687
979702355
69947477
1919310864
453783611
2104637801
1193821046
394025312
2032018238
1833960767
1583814182
1965052967
554917737
573535053
1147474996
654332750
1919490056
521108861
474694426
386429716
1833506583
910426410
1602055291
773093482
1278230057
1249530232
2071598180
1226769512
1376731767
725038927
795107184
1010371454
708342867
1969777772
875199500
174524242
492965656
1382308127
422064475
2032669992
1716789800
863272546
1953173537
759841835
456857958
238033456
805328656
1027418740
1713710949
1582004560
459365209
2088650054
1934238801
1312959578
1597535348
268790606
1932938555
203441925
1930918514
391540083
2000381025
1678315088
1375825705
1030385966
34934281
806845475
1058431024
1783893508
156512812
1749379613
1512986468
1901668214
107104031
942801718
1242974279
4086805
421404255
1095250458
628380277
1497966205
476525168
927748917
1215515226
1480021007
1885349693
1846244713
71385407
672145777
470435663
1966163499
1915366202
1479228930
1312381239
556694044
57489208
993550940
119955719
186385690
2103010062
606016559
976956263
1483224113
1495270483
1897167140
1613593862
1615141471
1796998767
471301736
1786670152
746017644
491730210
1361537364
1430726480
1829314921
908739598
197391
2085624666
494546187
863119719
477701453
1667118095
1014575194
1412382992
1247304010
1098196591
5930509
541222006
1544781324
745037384
1982399488
223953454
1764914954
1097993006
1802839401
491336502
973428035
1447318845
1344211492
2069109886
88823651
825713017
1463249989
408839770
2100264509
1343109230
1568417848
576325987
1376278885
1433098076
511574575
140404757
1914777944
826685713
721887585
623715128
135274799
1059921986
896281378
675824666
2047940126
1578003824
2001742902
190263808
1241782870
1765897021
1613300489
661193792
1014503008
1164600170
1040393593
275452720
1546734949
306912878
1898391348
2002214663
572030001
1529038946
554001464
1915163212
926891896
570914365
403465809
1783706114
1764120328
1459961982
639963754
1411328322
1584218645
136260647
1902607696
105200732
1194097448
860311653
1115310693
1483951436
1733196073
1695376229
37643127
828382749
6246989
1997875799
1466334740
354903134
1562145911
1008499530
1381183023
1885357068
3498849
321847898
1818243650
1393572957
947086347
1848983375
641147404
1714387835
745752649
1164322096
258417772
444465463
1278424357
74277440
492126726
1963987808
1347043421
889678915
270207276
1398162518
1832873228
1226313733
489448563
776229445
18774069
1176515584
1495162423
1951423508
1766919287
1765238127
762793546
156387955
1832733245
1768699918
1947097358
453987399
285566793
1094668411
941507334
909520938
1348796482
995448076
1480615967
89329211
637809987
1929655816
829446772
1162106493
610296834
527003499
324748381
473976144
257452360
508709205
1316755007
744126030
574969614
1342402348
1232677652
1545999912
454895994
861631317
85345390
678570067
2243607
2032468263
894259248
1814066553
487591737
845748560
1834833449
1901264997
1616314434
185293616
1182556242
1699236682
2097970198
1208117800
1309673057
1445547552
454572887
2017091142
761400671
587555426
1433416239
1365078803
979050066
254898256
74924669
1246783288
1869552647
386729267
488711682
2036888660
1879114353
1851284551
1700400135
2100561472
1074996840
1346773352
1249147139
1199009598
1277765145
962534772
1499742978
1668552042
2048797742
810841707
1512971855
2115311193
571042607
318906676
973371192
1462322015
490544394
288247601
995038034
1617903740
156259377
139351347
1510765360
1780098893
510615673
1849627664
240918595
419855123
139608908
1846687261
1476794881
1496778043
1885810011
374941743
1767723636
56981835
958685528
860558110
996827398
1479027311
1414862883
421538121
2120313461
2063991918
1599670325
1897813055
1364533814
1997493790
2083478631
220417549
1667896879
525236739
172034354
1445072692
722995321
1748241428
1952329477
242290795
1684355855
1342840388
846794352
659244667
1551719700
1011056193
2049598009
1699815768
1513166686
1160799061
2081570323
475810064
422468963
460674607
558459462
591293495
2020547687
358763564
796341253
1460433236
206789642
254040341
1915427174
1497827397
1328892534
807606047
208031870
1245913675
1232823858
1880842326
1862929259
106105644
1294208339
2053309977
740887667
106445343
923290372
402984498
1527327513
1163339823
423035137
1165362481
54461045
1246249569
171471215
1027678992
758925414
2047873614
1513053749
1529877529
1342531687
841885291
1298413655
1767925825
1026959370
874135378
959067665
303917166
1497587535
809057616
1179018273
1023949671
1600018182
1864135549
726403162
2003926101
424089889
1965492812
470105441
1501377393
2050232323
1031408918
257376829
1316044137
443951223
724387399
224133230
2070305302
208491385
673385533
224419884
1815944740
1801064783
559092756
1162832696
758928444
1162440814
19687181
2003845225
1900024083
1736325125
408895614
240532238
473333078
1009081676
1292714877
1862826773
845095735
391184698
68890726
308628516
1830493762
305400153
1396001386
272637004
1312830756
626408239
257187923
1913922926
1618173487
544613495
674846520
1718422101
1182667086
1731882037
2100516675
1561752641
1196714559
425425733
877940542
140529667
1146357012
1750225927
773618964
102897186
1162896507
390874113
1480159754
1011836524
422203195
1429276677
1936158030
86984462
2118021192
1466524991
2032622414
1733974860
1667900216
269886829
1886787669
1350125372
1130318185
962282771
293290786
305099105
995698205
21062432
958287193
1701015043
323248646
1347254094
1833381646
708321818
1751017792
1697056566
1315914803
926449269
339163651
1125020160
336595713
1347093619
52653623
436823109
456617584
1178150229
673591596
1258499094
1141845262
1428910908
1578593879
1929585454
963986737
844564828
489501741
1819098127
207780460
1282279230
1527776774
72945429
1095445857
776473946
386823757
1981041702
271190886
688287286
1294287924
1313090911
75306793
153420563
1058493702
271999613
1042830885
255014914
1194408464
690030091
171577966
1661752444
1902538783
1413964035
87171172
578643831
1881830973
1967536219
186677353
290277656
1948285248
2118797829
711610691
1947219244
1583880230
1752594524
2080836687
427106634
1766423070
790108945
1046309751
1447119165
960303122
102656299
138036501
1517374988
923278912
171456374
857752899
1310462589
17246779
1527579980
57374986
305952097
1951925626
992484431
1280655365
607667301
926630255
1090598672
1701715012
1208231953
637938239
509812757
40396853
1432308853
1125083990
1094529099
1900162917
1446605067
255018618
1095319378
930816035
341508675
1767993723
741159686
1447717916
894788201
1716026164
825380985
523454733
1031345704
1646285066
1213088042
1395741045
50625608
638411833
1897933150
285235511
108468030
1695566099
441464931
1914008639
1950301250
843076150
1165630837
1594061141
1595044218
24840496
994988640
723080523
1446990937
1615297633
1058424410
504591206
1164525836
2083474241
1833316374
136714241
108034427
992287755
1751651927
2034239529
1730625121
861632889
827680069
1194529102
1497173292
2082884718
840764014
1562773565
389810448
1327457074
1984959594
656228116
1292765752
325336401
791290647
710028913
427170416
709765466
576533340
1428571964
108202514
503459417
2030395699
476935213
1783453195
1510762311
975115806
1635202919
675428119
1931495246
441002081
590298937
1325608478
624166228
1261981754
543454545
543387206
2635898
91243646
1817849964
746015547
793788779
337929840
405293071
141194299
1644461334
101197377
438575695
588644719
1931955235
1817331741
73733392
777650490
1563711510
19023164
151153774
673582701
1394348878
997857825
1331840859
1866167086
107236441
324348963
91769351
544676398
1728978724
421358635
1543595857
1225015562
674588953
460066098
1950157410
171735325
1881955090
426596425
1195646786
1581916709
1969837433
1141510164
1299531133
823143038
1090855761
504524136
1549822239
35276670
742866795
237510219
693899308
1729504059
1548292721
1868057443
1715371540
1830314027
1999973139
471559726
1947166825
941050983
1381257538
1394222125
539166770
1348608854
1311062849
389298712
993485672
927663875
1330849624
2035092566
406403678
1668031810
1493265501
1428886640
1126393371
58414945
403312939
1870547735
2071022370
1969771871
1785539870
122422604
218636128
1919888403
118577258
1246176602
1886920988
2099972116
2087609405
1917398616
1464346149
494346092
1462188067
806836587
671964248
1281252978
725894447
1077955641
1577463598
1584085829
1376522765
1215575362
743663437
1980719389
1192318241
188549498
1833265968
355103832
189544043
204359969
990870602
1466529282
729249321
1562072338
307254353
74779936
1193083940
1815706963
607609904
861359981
184551274
285409352
1314009093
1996780612
309679630
1199254600
694427923
946683456
1045519169
22772592
1292391697
1459495
22314326
476142870
1762945063
1919556953
1798702135
945161540
620833089
1215435010
125121068
1161779554
861740033
861419840
1850299659
490241650
1963461239
1494101588
304227663
305682041
1075002741
2103604529
172229177
1007713358
1865511200
1026102834
184617500
1863738151
1328226401
1198606383
774461243
570521646
1265762405
19664994
84697180
56195087
523190081
2037216601
1567033446
21771014
2104256080
991713291
1361448985
2115110217
827023454
1011235624
874140513
1563503739
241394493
38735224
1415467538
591211331
5340278
1734365795
1920157755
758189605
1011374426
1796343133
1097616499
1124543773
309991545
1094655816
1041121590
371619846
492708974
776098304
1896502102
37245770
437677689
274667892
427517215
644218899
1781297670
1465254224
839733571
1365717812
894204746
878906673
1191269701
421155651
1395855183
945623419
388185674
644246549
593047642
974726504
1568541048
807013740
1214669619
573779719
268835683
243090455
758452753
794971405
1074530650
1314594884
1918921846
153360644
578371341
1294554165
724316529
2122205980
20060766
690965562
1013611555
73691920
1681024629
70009889
1462112771
86066189
309605144
896814715
1562464838
1347225931
1208622696
1918401579
443550483
305932295
1701932574
1549756481
257823258
1093035616
639526479
1499870791
2053511448
1148545560
1598834973