-220486
-237525
-30585
371570
85168
140791
-319951
408447
-230196
-32246
66494
23755
-64705
279235
-26907
-298503
-3342
40541
30804
-223609
67895
220363
224798
-91720
-259419
-43873
133700
205768
-145488
200775
-20911
121372
233219
-165349
309053
70576
171891
-26492
432541
-126801
-5648
-87399
-54917
-434958
-223255
57360
318236
-102381
-224856
133877
207319
-291196
-151662
219545
136545
69029
-72061
319300
86430
-12557
-222991
-400816
-149727
-2633
-4712
-25357
1506
14624
-410735
-111223
-20653
-200978
78203
-174581
6694
-204719
123965
58355
-65425
3376
-54919
-201243
205813
169714
240878
-255603
-24486
-168620
-107994
348409
80644
82793
-128228
48038
-66323
283701
-127952
7903
150601
-189530
-256251
-407907
-174056
256836
-246706
-66801
-326241
218682
-75406
290196
422312
-48192
-155805
248647
-330541
-295208
25484
2540
-57449
-92392
-127104
155938
112576
93262
38541
-22154
-239474
-261270
-110443
-217827
14915
127067
-79762
-172280
253727
164953
302314
-157031
151507
361103
9125
160842
370058
-290725
-75749
276893
121501
47046
-12565
22994
151064
8489
-151231
195807
-109120
-95500
-7236
28595
4327
-128325
-37430
174991
7179
57838
-86809
84882
-91628
40776
43971
207299
-58632
-50243
-25091
-43014
-256027
-256408
71224
54747
136649
449168
-126305
-79899
-46263
-175693
-48909
-72905
99399
102141
-204942
122806
41451
216309
-158950
-67071
-149556
218696
-178432
-92666
64947
59709
357574
102493
-74419
93137
-179270
97351
223510
-62338
199976
-371710
148335
-315777
260120
245442
-216714
80972
-134001
208483
-105504
-44605
28711
-47569
-341671
-70485
-221895
312771
109858
32802
-27246
-28079
157895
-127092
-65382
45664
-73176
147978
46368
60892
-74032
-105832
-3459
-26610
-42799
359319
73770
-293456
-503045
63331
-83662
-80422
-48266
-69776
-6652
175883
123164
-225368
110193
417378
190998
175732
-45751
-199156
280877
214090
-85780
71956
-45138
-271569
-26899
263703
-85620
341327
-171062
26630
121592
-14047
-113344
132724
399121
83403
40488
37010
63988
-285028
-135028
45566
179606
138192
298962
-311116
-47242
-114640
-41489
-227914
-16030
214593
207542
-164018
-31462
-89174
281092
234115
342368
52630
-358407
-369880
-26162
161320
-182442
271935
206739
35336
-78830
-56104
-321272
-122893
296378
105183
-164179
-12610
-172311
134021
93670
32804
129117
-132868
-52831
134645
-69945
86073
87633
58573
-350480
-128157
46826
-100366
-7383
-296670
-179970
77632
-191132
444294
155603
15774
-290930
128512
151289
162008
130030
-115507
32433
-94283
328597
-160768
-100695
203811
-370010
31620
-105553
359220
-36537
341929
-78552
56810
-23885
-154051
7463
195827
268334
-6941
221054
45322
-184597
-51109
-378539
16553
-302281
-244773
165835
-71680
-113883
80568
250350
118620
-108306
150724
-77776
-133804
148995
25682
51853
334686
-91115
-142875
169850
-167758
-131187
-333036
80679
269042
-96770
-316084
394122
181511
-379281
-187093
536081
22554
-248596
-375523
54869
19023
17860
209427
4100
169488
-265202
-26900
160220
121394
-97848
-259665
133941
-408867
-210828
341251
-147663
-102829
-38386
-98513
345411
-169912
98926
234704
237387
252673
-23946
-102235
-230052
-109970
-93119
-43813
-37368
252036
303678
-42787
-79862
-37788
-387384
89318
13638
-208099
-149768
-334334
191225
-297083
-226150
-211957
207379
275420
206982
-522500
166614
69142
-77642
-1665
-80993
45778
281594
83567
431109
94466
239569
43271
6833
39407
-107538
-314358
13859
108794
102836
97912
-160190
-42975
-11786
333359
-300467
-44844
-138994
-118716
-95623
-201370
-329501
116743
-80819
-85007
-253179
232399
91030
251962
150120
-165594
-33362
-112646
-341397
46217
51975
-215337
-228815
-308962
-50741
147243
-195953
76536
334190
2241
15050
-90713
-190732
-15681
-332821
257120
-256313
186807
-19541
28294
-154931
86357
260119
239212
-286396
47062
254
48437
76241
93501
-34757
40909
-241021
42118
210590
78494
-320519
-64600
-25014
-65124
-109881
208866
129945
132426
-252712
309966
-184547
-32107
-216459
152162
-226297
-166199
-21572
161965
-148654
119251
58514
-218711
-274095
-16736
62241
-62256
-154438
39093
-89500
150815
-276239
171144
-38347
30921
267943
276258
118151
-2933
-110683
199146
-181719
-294261
-120062
222384
-123531
110560
-32758
-124117
7530
186069
-268974
-182893
77670
17440
-3074
-124737
14520
-10011
-78521
91001
-447611
-263750
-262857
-214116
-142744
-253615
-101187
-216786
60184
-118102
-92654
12543
47118
273460
540017
-53299
268892
-171193
216555
69931
-270641
-182121
319818
174503
-104901
19839
-100608
329974
29221
-180382
-57927
501210
283190
103764
-228601
-245583
128908
-2694
-1121
60015
-178682
216884
-69653
-155618
72704
-316484
48021
-261118
-103475
-44134
34883
355104
76754
148759
-106306
-187740
-261497
109112
123755
182797
224802
-13799
6700
11714
84283
-38603
-25838
-19399
-118047
140322
-16375
112341
-299617
79759
219923
-5672
46390
79671
-89012
-217322
60523
-158053
-169731
1105
35042
-35598
112309
208075
214578
-377256
28947
22046
52616
118669
44322
242347
-312435
-188845
-30268
269512
98342
119529
-19615
147811
-129094
105777
136354
328751
18704
-482351
40585
249674
206654
-43332
273797
195402
-303418
-373369
27090
26816
-77936
-268055
124703
-45250
120547
157715
54902
68137
-119572
-204800
-125770
-17179
-93373
117416
449790
-455876
-190286
181295
-176543
81727
163263
-135810
83635
-56196
83135
-47353
231579
-152883
173577
-26212
277074
-67295
-25893
-261205
-105996
-47604
225752
13515
-250589
-37405
159359
213705
-126404
-72814
178742
137877
-39404
-25226
3964
-162774
-305418
8360
-48799
-120432
-243104
156633
-253843
392811
220794
-297087
205031
63855
92833
365397
-33199
-111023
-281754
-304999
77949
306751
123439
245577
-200615
-173586
32797
-111870
62260
-21382
267803
-108771
-239782
-44380
-34008
-150470
-218195
1946
46063
-29358
106890
-333288
-76584
230194
279755
-81809
-49058
-74804
-30847
161943
163963
263784
-136768
-44693
198915
-157981
-99910
-55930
196580
16420
75744
-367613
10424
-269890
324305
-37105
-77019
-13701
-226463
43601
380973
9988
-149025
-282583
-206208
10390
-243848
-84422
-216163
-157274
24181
-471863
62992
-238993
135794
163528
13092
-339642
-191526
-184477
-29183
244042
384407
-2294
-226106
-39589
-78356
-120881
120118
248908
257951
-125027
-276521
63047
248005
-118948
281037
-116641
-391200
-174606
-8202
-333993
86996
-98759
-145355
84948
6624
-249402
-45965
-246241
447960
123015
86438
-28559
315006
-122119
-136100
-191190
201040
-224807
113780
49293
286687
-69852
-13848
233020
-29968
26115
51774
-36671
149898
71744
26257
-256767
324291
-411192
284730
49036
-332170
363278
-16231
172412
-52484
70566
68645
70685
-46534
-262783
21667
267857
-112530
129444
206007
-173727
-40640
-38732
-212935
71800
9205
-56744
-374118
-20052
-57223
-53192
131461
-125287
-173224
151993
54150
30793
234267
74048
-350724
176728
52732
-37331
-453591
-278098
93441
-12058
312851
-234840
-80209
-196448
319883
504313
-212466
-214551
385141
61652
-159235
-231472
39197
153076
51575
-284024
-238673
-130444
-176429
97527
-49747
96757
30693
94271
-374791
113240
241492
169180
-104846
208281
-45176
-152866
31292
-205032
-284022
-480605
195319
113299
254372
440183
-207065
128334
-89790
235689
188599
266495
-192788
-107793
-336152
75227
106291
-367658
10930
517408
-55412
-136264
50304
-273629
96760
-290656
-354161
147310
57987
-251146
-83318
55340
55901
-157864
-96304
-132826
63490
-122161
82438
-13970
-6281
-186682
-12715
200729
-175745
-111899
2433
291193
117164
158768
-80914
-139943
58860
120523
149239
-278253
-322447
143763
-177146
-67541
-173639
-388073
-591438
-82049
-336030
-98626
98846
62316
-218480
107497
261341
62942
-329101
-28237
46357
-291383
372151
234609
120024
263767
5728
63072
182101
209184
-140548
468043
170593
320921
155738
-42439
249725
571035
-143340
31759
40300
164343
170732
95325
107258
81808
-7772
-235017
54010
-75188
-224048
-405212
-92013
-97468
151990
57392
159526
10062
98554
-82482
-305679
-261702
-122803
-546780
-35015
-164463
-107774
-41043
137470
158847
78808
9988
-72641
62415
93276
31104
55069
-193846
-207136
-199964
74287
22352
85338
489511
136529
68355
319895
317586
-65373
112266
-217383
125425
353166
97989
1899
148796
-285934
181276
-189355
37690
53289
114291
-42721
137107
66246
3125
7370
-72933
335148
122152
-113759
206695
-206893
234209
-128724
-182863
-24409
165111
-246947
-210334
-77208
-101839
7229
-19398
-302539
241314
297375
88327
-7819
-169677
264930
161346
332113
81369
-201926
38722
-32108
139554
33217
295361
-47155
-208042
648627
-147939
63258
-183028
-53399
-338354
-24970
270059
85734
164383
356737
39557
238525
108119
-32389
50880
58599
-195435
-105247
177890
84083
-157456
-54809
267777
18015
-112531
93288
-124311
135482
189707
198185
-85001
-32930
29250
38061
-40793
55629
-234275
442725
-191003
-40884
68
123711
63665
299955
-56115
27739
-44462
-198571
-166303
-128387
-154629
-244666
233427
72276
48003
-183994
258233
-97941
111586
-452115
266503
-52273
-222752
-203154
-125292
-97986
-446771
191278
57989
-163592
-95575
-370721
-144157
-33142
-154868
68519
34171
124427
-192132
66112
148184
155389
114113
-164401
226476
8868
-20112
-123197
-182507
144966
-174464
-39820
-185946
-91423
-128574
232325
299497
189909
-33975
-87328
-190867
235406
-45748
80556
-32189
124856
64318
-34764
106105
-42876
163288
-188235
33327
-196092
-118371
55880
34022
-58263
-1742
-5722
-295457
-11372
182823
-8125
332988
131786
-319190
-390329
-63973
165555
-163340
110251
-26736
199756
199625
12211
-21709
192266
514
81680
-235721
-107188
-124554
16172
127608
126294
88004
-41253
20574
275028
-61898
153464
-259135
75328
147482
5795
-249639
11240
-106140
235901
155858
373434
43040
381563
-173696
145564
419141
41264
-427563
-165759
-46142
120103
195494
-56736
17736
-34019
-33671
4482
-180409
35326
-37890
-41927
123696
160232
-86982
202663
185743
178566
-156437
-45984
-42246
-216171
41498
-54176
-75111
-213665
147526
-55648
-124636
-104962
-275889
35339
130379
-67261
-359306
68310
547027
342533
100135
81858
-241481
223314
-97671
104642
-176734
-10629
228365
298015
-201723
-5922
114234
372050
148375
1523
-111218
-28892
278238
-362529
-401337
-149695
-117200
128988
234516
114868
-277704
206362
-75206
20678
-116951
-152468
63578
189999
66216
340354
-45545
-81958
78570
236831
-239455
144664
104711
240010
-24529
78205
-279665
-102674
-395024
337304
-144371
-131500
239933
55884
-174508
-167894
181783
-110176
-159119
339509
132738
205163
-97111
78118
-127910
83260
-314642
199473
-2581
-158341
143099
74042
-65339
69967
48309
-145618
108949
62321
-378958
-77867
21820
-91254
152091
-71959
-119923
-94545
337147
-363259
301915
58476
-62564
-288766
-42986
-170390
-63632
114924
-233724
-30671
98557
59882
-178375
-118640
-246597
34486
161121
-246991
54094
245223
-332812
140766
-268164
64388
142
-277778
-166169
94900
-6808
35706
-195625
67904
195365
16627
170922
-402920
-388961
-116488
-89389
-279664
449162
84096
36054
-68852
-9259
317829
-126225
34690
-45008
-121886
45173
-63011
-169330
251530
-98091
-155019
-101256
-41953
-135842
120063
42367
-166776
120156
-47317
-287534
-127005
-185460
-230634
305246
-29873
-11580
180275
57481
-4150
-205067
-233874
261044
-25528
364151
-104534
27499
260941
-310128
186953
-178284
45045
13765
-138436
-459721
-333664
158789
488919
340534
-71665
32462
-298334
-51424
113512
-30946
-195847
-198834
96569
87664
40567
172028
-55563
-2924
-19686
-34117
-248216
245536
179707
-233249
60145
331209
214273
134347
119492
192719
-148675
225375
-62934
288117
93449
249965
135728
338884
226191
64890
50283
-85836
32681
-21082
-27374
217789
300173
-144567
-130291
-124034
128062
378936
-16833
-196594
-189551
7095
-107782
-122130
189962
247557
-11654
167913
-347632
-154842
-84346
107269
25259
347677
-83230
-112686
36197
-127991
212160
130384
-243449
-71713
-102139
-271255
-102765
-93629
641106
-5065
118497
93852
-211045
158045
142678
237037
-151631
-9740
-144181
-122174
231485
-97339
-335434
-8577
-9716
49678
-77214
80710
-405182
-333091
307584
126448
-284845
83092
44735
-49945
122305
174793
192594
-22579
81674
-49829
-148868
-30472
-253633
-97050
-501033
-148057
-297833
273113
-358564
45606
175640
-136208
85532
-50564
-15133
-107427
-230431
23935
-43689
-75668
-40176
-300414
62192
155064
5691
-240580
-4266
-35729
195054
193630
250614
-11284
-133153
3755
-307738
-127889
216948
-115458
-233417
-70309
279443
284785
-10871
91243
72334
165666
-282895
345724
-187718
144171
150480
46921
-12566
-88018
-175016
291639
-78758
123010
65047
-69581
34275
190027
185498
201211
-75046
76315
49437
78534
49601
106904
62512
-92528
-254670
-23127
-220547
8379
-150190
-175713
-211731
57009
58145
-125089
-54594
-68875
-168041
-171394
-139936
87652
-35836
87485
-29923
-64
-28504
135118
262755
-84543
-2895
-270683
139134
126155
-201143
106269
94436
14753
-225808
-343523
209163
-6854
-142446
418496
-136329
179008
-168575
-268189
89772
-177310
443405
-324553
43745
-99205
83589
-252034
-200907
-89486
-150275
-54009
-64657
84107
-4590
78860
-4124
-108254
-263207
-131810
-247638
98441
26738
102520
173528
-399253
71565
65831
123958
168484
-315219
-314239
-31647
30382
237781
-95896
96085
279916
46715
-81074
-53854
84361
42883
121143
-38135
-129124
3082
117695
-145164
42305
105278
-225680
-132316
-98158
-216536
-75769
-10396
-11535
8250
384563
206142
26329
1968
169599
-144109
-57126
278680
20799
-29986
-69189
-113826
52452
-155986
171496
-176153
-221231
105627
339031
24405
174056
-289423
-6338
6578
135094
-115897
90918
216
-224337
158886
104672
136669
29476
19584
-78018
284657
-54265
-25387
75400
-261525
124622
53361
126602
-50830
161410
7617
95497
89644
-438860
-431319
-13662
4877
-122322
152205
138818
154635
-105521
92228
261313
-61136
-6640
31129
-10683
64115
-306392
75042
84010
26779
268783
-28792
104956
57634
-63720
36594
202325
-84441
-138656
318232
423499
45314
-198773
62826
-219278
87031
-210227
55377
-184689
-29997
-185740
324850
86899
-151153
-129355
219191
50973
-44426
-169337
4983
280379
-413561
167997
-92759
253274
87761
72070
69852
-299192
83944
-164792
159205
213752
-124893
44247
79132
-195838
221909
-124678
138353
-107309
-4880
76851
112452
113369
-10647
257184
950
-100983
-279346
159625
-26788
-27983
17626
290044
-3555
-111852
269562
-89970
-385445
-189818
55176
-159345
28165
-15362
99766
115518
-40301
-34786
164485
-16075
106116
365749
-111406
-265278
-398551
24135
138551
-264664
57084
-187312
126221
219863
208013
-84310
-217998
-109075
-222041
-234137
164714
171097
-529521
121347
-48521
-41120
119121
142722
45735
-259570
86866
-388891
52544
-25497
-133504
8100
182894
199434
217745
-49126
194123
87736
237251
148333
-45689
-108689
-21139
-17249
14524
128368
-23505
-279041
98797
-193348
-345710
227055
-85819
113946
136439
-181044
-117095
71304
-9098
-147260
-144771
46506
-75205
-137653
-205352
-280322
6869
155553
-296622
285223
-194803
128839
-43671
-595523
208998
224097
114585
609354
-122681
-214994
-142484
-205067
167699
-137656
10290
54526
353514
71599
-192343
-25757
-56769
-336974
-155430
68237
20769
-86477
-13486
340408
93287
143784
63886
185186
114038
-44553
-156172
368239
20247
29225
80031
-73364
259880
-59667
133791
231760
-422052
171180
-72315
256135
-50512
-300639
-26375
36500
217192
-220452
265508
85863
33315
-112532
-311558
-8775
-24197
-209708
-294121
-144932
-55134
164000
143319
224460
-49626
-68944
215706
-147922
95636
135360
-112090
-49693
-102994
-238195
149821
17710
161881
87263
-234289
-304589
-406398
337852
-84779
99617
-54928
190293
53653
-88148
-22946
96608
-184060
265837
-226819
-108652
61341
53783
-72048
283855
244179
46303
75203
-126132
-71780
65662
-822
75521
297306
108675
-140472
-135393
369726
95345
-92615
55493
-46250
102369
-82257
-518143
-43576
-51052
193761
92186
-105696
-2591
179483
-15566
54482
143033
-135990
193576
-153862
-233860
-281377
-77985
-124685
380656
-38263
257351
249740
-146337
-128416
-2456
-187648
-88822
-214321
-205917
-103165
-199886
-120568
27702
198535
101406
-56113
196561
121140
-4762
100754
-91126
-238579
-4423
-15119
151641
25961
-76765
84256
-131262
-244953
-71508
45545
-65631
-73155
95938
-47334
10747
-296718
-215399
37903
285846
10
-117016
121212
434918
-27691
-252209
-18315
-73691
-283725
159242
-56252
-437386
305279
-355452
-61155
105122
103935
103907
28608
-23866
-62806
-56397
232229
208053
70019
7650
-58761
116483
-170979
185482
-398808
-69346
-109048
2448
84036
161360
85868
7631
5988
-38534
30002
-181404
-21258
9183
-170433
-178809
-198407
37604
-134978
-110548
-197853
-71392
185369
131703
-52291
-117594
393464
-48293
-116672
19906
39453
-54963
-141747
126569
176996
-40474
27693
174937
-131090
88418
97697
61478
99855
-152460
-319290
-57114
179089
107024
18791
39537
-281979
19664
-369925
-414464
-334059
-70823
140137
-74831
47888
195844
109575
283175
-60465
-53059
292698
-9669
197964
69879
-228031
388293
207337
-8348
296189
-390042
227879
-39587
-18540
60552
81917
159731
22037
67891
-94608
-65859
-103877
211526
-136641
125152
-344969
55707
-351302
-88623
167780
-52710
-46588
-319496
126173
68114
393460
161562
-201605
-32107
-152161
-231441
102686
-27248
103900
-103552
45824
68030
-231389
-4139
-154422
-28763
40113
61009
-189748
247077
-269179
92341
-210023
-92245
-103060
-200924
24048
-226088
269167
129060
-268946
20650
-120853
253670
228195
-172206
-132753
-184045
-16964
-113937
181371
-8404
-59235
139459
168665
-177964
77823
61888
-118822
-292518
-39299
-58080
8018
-51773
8061
317994
7244
-190061
117677
34386
-69716
-281982
201389
296598
-143248
-16429
79269
66334
-252074
26194
-230710
-11543
84087
-69642
-487541
220428
-92508
-122082
447245
-43372
298514
196887
-456860
-150279
11845
-93974
179061
369801
36092
155756
-243932
61811
-226879
76744
-70223
-177146
136919
-405673
370605
126292
21318
-126144
24159
45898
-213506
-28142
47985
160505
35410
-51447
-264322
-34307
52639
-297956
-6427
91549
315223
69103
29598
135443
155818
-80870
98177
-6801
470584
131481
49274
-86930
-201829
85032
242062
381
83527
32046
82703
-3389
137889
198070
266722
-81418
222973
126657
-69775
301381
-282671
319
193016
-176805
32767
209831
-10133
-2767
-96671
187091
-179291
265884
-209484
31611
-161378
33255
-62475
-63850
-45000
-101366
-189293
-32758
112510
130271
245697
-151724
-41454
39202
279940
198029
222101
-33957
-374178
212745
-71417
-56769
-241802
-109170
-164316
-210128
72207
-91101
169108
-85179
86126
-373245
189361
355892
-122667
-69252
-208116
-54444
-177442
490751
-315759
110026
58506
-215925
272385
210155
67880
45454
-161542
451195
-29192
165030
22320
105649
251269
-170357
-112708
48877
276649
106776
-190214
86761
-206575
134290
-91804
2200
-349956
-76141
138284
-208
163354
154621
-149678
-36297
-71604
229260
-76698
-205325
272611
-171601
260994
259251
76714
-195908
-154748
-334847
111915
146094
-28645
-134208
483287
-166620
-12875
106809
96861
8256
11059
7438
-30534
11480
201639
146252
-286077
-107553
279707
217780
243559
224715
-75878
-322430
-97602
-107473
740
-82296
-38548
251015
-182582
-256699
56164
-248072
63675
-220910
-175334
-38567
2345
70245
-242742
-109058
226961
152687
-77428
-136239
213055
-188374
-124963
-217304
58966
-110077
268885
135080
-54033
-215264
48424
-40475
31557
50803
8667
-270498
89641
-96318
-100673
-307429
-222865
251783
417679
-113182
-166686
-323956
-158305
-108867
-94611
-103874
-215979
350956
51131
-21306
146699
-81655
-86753
-97681
-22347
-209960
-185871
-154784
133393
311219
-46280
184460
-4645
559093
408266
-96198
361245
-72184
-122464
-188323
138441
-167851
-159435
-191022
40800
96792
-41921
-279534
29960
17287
9833
414234
4386
-249966
-78747
229078
9482
-121252
-67122
233200
-27199
272554
45396
-134014
-42327
-24538
114960
-296574
369237
-177263
-227989
-112085
-188196
-85485
-56690
-35595
-57379
-115069
-274789
-47508
-187818
50495
109969
-318705
-106989
167054
123907
210785
-170132
281930
-85563
187610
533048
120660
170482
-164002
136397
295284
208835
19381
-49555
-160908
11577
-199961
170812
-31141
-211321
75511
175731
230665
-172924
159781
-32763
211929
87978
255721
-16100
126823
-270593
-22471
242794
-236358
-134927
79544
-215931
-38661
237179
-206142
249324
-77615
94091
-304067
-164691
-289206
-42717
461516
-110128
-83012
10949
43729
283334
75242
-106562
56341
42383
88023
7044
-306352
-406440
-315506
159897
51191
-153558
-52960
72551
120687
221191
-25123
-106705
-271890
-185338
96150
-421289
-255664
-48268
183677
-210267
225140
-58558
-183118
61327
-31767
-113756
116247
438203
-119473
173199
-86740
-90313
195986
-25820
291378
-304698
-11199
56914
-103592
-112837
322524
107356
-208208
-141905
-200927
175828
-121507
134027
-110068
16086
-190955
-7315
-126955
-135673
130653
-262697
-96696
-58674
104399
-11974
53416
-111387
287607
13950
-71348
80019
-25371
67306
-168116
-159649
80768
309467
45593
-191545
-67795
172161
-54652
-201965
-206575
57614
406407
51178
198093
176501
-4619
-333816
-250378
-266161
-51584
-117135
177771
-70914
418606
47035
28281
96016
-135475
101842
167180
95538
-170737
268727
-175052
141507
47877
31590
-46679
96757
-60436
140979
-11508
-9047
47778
-53438
131299
-84873
162203
-78492
-101631
25617
240477
-95192
-267490
71262
161074
-60577
146434
116977
290850
-141039
117492
48400
135768
-85486
-32308
246732
-196434
62214
-287941
109587
-143089
115457
-194931
-536121
125326
-229650
-27670
33015
-99528
-130454
-77310
-28316
183759
-185521
193909
-39299
-161657
146363
-21819
-225821
-94752
267794
166248
-181517
-101825
185545
-71017
180209
27055
124650
-78255
-187160
142919
145436
180976
61175
10830
53920
-45183
-105121
-95120
-373175
-228128
-157430
-159146
-17918
300298
173196
76605
-130367
370389
247789
288991
172329
168099
-106941
35117
50681
-174229
54585
53540
-230699
437822
78865
-37426
-339406
297213
45021
-211392
48511
-99326
-268562
170221
68732
-16027
-103437
-105694
119529
233879
87362
-31415
-592571
175474
-113568
-24363
17646
-140310
46256
154845
-129486
95780
-27787
84500
309054
311506
73176
175706
130638
-76151
249067
135798
-141112
-184226
-241883
-170458
-319406
66436
-147577
-215984
300461
-92796
-43673
359607
70263
98823
-104967
-223135
319845
82324
4257
116274
-169019
-324950
-349800
-274065
-370599
-59866
108318
244433
-182076
-220881
203838
-63674
-38373
-257639
-62469
-134319
-261621
76643
38418
-196836
172656
136797
-81205
-385370
-213849
-228714
188482
-73135
-101965
117432
-56532
116525
-406687
-40072
-347013
-109803
-533207
320480
-52933
226580
-14910
-19109
37813
-174677
133878
34622
7768
-57346
-42531
191309
61780
-267257
-10078
23415
235471
81062
82358
66098
254683
178519
8702
-132643
-178742
-228982
89626
171142
286938
177174
203132
146941
59780
243479
174846
-280601
-186834
-44584
-449333
161477
-41274
-84413
90605
-31580
472968
25630
99924
-73406
-12546
-250996
326098
416448
81173
-58658
-65684
274935
355501
247029
-147549
-183150
-67470
200521
-60439
15024
99526
20744
-231534
-22692
237805
-131894
46237
81164
93385
-54549
158994
-26100
106089
118116
-44708
263331
-76996
175272
-28793
33632
-324415
143382
305580
-298599
10345
50483
-89185
490745
-208539
-56416
-35523
85362
304848
52496
-22364
-556434
13836
-412792
-92597
136714
-135529
-65343
46405
145455
172226
76460
348335
-144085
322469
307919
-269619
122415
-218171
53861
30237
71605
174269
217287
-116683
-24006
245552
227081
-100136
29449
173593
-287533
-56839
-106223
59318
79970
552258
-127497
-192084
36012
268861
97911
52601
-5808
162498
20975
42921
128733
-41292
-242038
-97993
56973
142419
298776
-84879
200170
113430
-93845
46173
-101844
-116423
50853
9885
-28078
63111
-17675
285133
212003
261854
497818
-162487
-107304
123021
3723
-34492
30023
113476
239536
-13930
103268
915
65197
-149476
-219216
196434
39150
-2967
-250143
-135410
61929
-449946
-22578
198147
191147
-68654
-18349
396358
-36872
-236671
80860
-128671
282363
-274403
-171902
246555
11622
-348692
-276303
38040
118819
262185
15254
57117
-258777
-116504
-73668
-58931
11397
121320
-206076
-155592
-146661
82941
-64441
205409
-334169
76595
-247689
-131858
-394317
-126957
-81341
-2111
51915
-17519
-152013
273881
-101733
-219965
-5411
114884
-62120
142902
38029
-47274
-99497
353499
-84089
-129579
-156439
56717
-108201
6861
16425
-180604
-78542
-179039
44866
-276364
-67605
-86158
298177
41146
204249
10544
-197785
197800
-77181
-318358
-363971
-97038
-98425
-133081
-107815
174125
-543445
36284
-153289
-66731
-27689
98505
86901
3276
87856
16385
83105
129920
-95517
-259762
-36186
-71893
-135231
118042
-218805
-298657
-149418
-208984
14607
-166270
189305
104527
231184
-71538
387340
42346
112831
157127
-98783
-483450
-95852
277674
-87868
33687
-380840
-148255
4645
-190974
-41064
68926
-160917
-68432
40529
-13794
-1988
225015
-81290
-272346
248634
179104
-147367
-186440
-39190
-162391
68193
24436
-40453
8844
-93066
-8839
-59443
-268037
-112488
-142333
-256739
22929
64226
-54311
328533
107135
-159633
-248261
-36955
24695
-240742
-207075
-70224
-18686
219948
119481
251922
180598
74003
-50567
-321441
128492
97696
-296813
-53550
84435
10230
150788
-23751
17771
-156306
31060
-14657
117276
65439
-487523
88334
-59803
-112408
371208
-88932
-83797
-420
-207781
-132653
-262639
228320
63570
102922
220890
124935
149929
71915
-45830
363598
-110108
257079
-7219
-19075
122963
-21398
8721
-177435
-171227
166848
-233722
115306
90288
-266994
127988
-267211
-45048
-170228
-90730
193439
-266849
237785
82829
188904
31767
222697
45441
-32715
-86890
44100
42523
13066
-125322
23641
92283
105138
-165096
-78408
-45409
-226052
-63027
-105460
-181483
113846
156186
-20454
-68264
122725
-24559
63549
169845
238331
104611
-27700
-45982
-110662
-37052
73192
187702
300388
94759
-237361
-149324
95231
66398
-109405
115879
-89823
70994
37635
-225059
-120830
43754
1534
-339745
-89933
-92856
-206360
-327470
40912
-183335
70376
-177892
-137838
-86796
237157
-70408
1085
103016
46393
87623
9874
31307
63284
48863
120745
41154
-71888
140748
12004
-85857
111637
74634
-93262
-32633
145863
896
216967
180249
-152593
-29108
21977
217105
85393
-156936
118466
32645
-117867
380297
-83259
-106774
-102420
-201067
-92797
-247095
108543
96388
-41578
157841
89714
-3422
201182
-228275
467052
81828
48557
337057
-86586
188066
-62507
19750
-163338
332014
-269291
-283967
145886
131196
3333
341282
196168
28732
129875
-16465
-310134
55056
86949
-166473
-50429
-28802
17048
-67142
-72034
33152
301799
-9957
-116028
148695
-161164
72342
156505
36686
-552
-10989
9733
-362681
-92521
-76650
482007
204793
-74129
118931
250889
71463
552238
103370
55142
-178608
178054
44587
33894
-77475
-151218
-54085
-55732
-223427
-71450
2180
-84639
-26108
58260
140677
1108
253421
-122988
-95513
35616
-177377
251116
-137038
-104425
125174
-158834
461627
-59539
86352
-271206
-285416
83608
62389
-13707
-119066
178051
-56375
199062
268767
-73713
-97590
-8466
-31497
983
-189202
313523
121555
-240165
36332
304065
-240103
-97378
184617
-227450
-307642
201446
4218
140089
86083
44429
-35859
214881
223311
-34164
8649
-6905
284306
-84496
-35259
-45371
87706
243047
-54368
146488
376299
-312606
-155837
-389233
-118826
-185077
-149522
374552
-133534
-398588
219474
-221539
-89766
191424
-392804
-273899
322860
330915
-115024
148639
51161
-218763
-179204
381205
-63107
-180983
-258704
-25559
175665
-28187
-139869
-316077
-238353
-50008
64711
163852
479541
292386
146511
23986
-84586
-147269
40050
150641
554422
-320946
-95288
53872
-20481
-99441
-211964
-239077
140585
-307667
-210515
-184153
400
356935
-394150
289363
-169746
212429
258345
-335900
295532
-408100
214980
163290
-69474
-196740
5967
-91552
-158191
3741
296446
-86982
-139298
-13057
228124
-108608
132403
162848
-61503
-390683
200671
-278015
17028
215781
123521
-168430
143692
-76377
-59729
55795
-195892
39234
385918
13882
-107170
278521
-102591
63332
167595
53785
-98310
-309786
-497009
7179
-4881
-134567
325630
-289989
-139082
-78866
273100
17822
215105
15490
168812
-1313
-41434
-296248
5214
-71891
-28292
6081
36044
408318
29601
-323420
-184878
-212997
-202620
-146929
102265
55728
-26494
55436
375829
127468
-41770
140634
74613
-107632
364830
-92407
-349207
161436
-1965
-306950
-329950
-244335
-245562
-120258
229918
343662
47826
59706
247952
-74705
37907
-244942
-266315
-294522
-52118
-29954
-364293
-76683
-87704
-123948
-4201
-187627
-272116
-152079
157777
-121373
13203
295371
51774
-91748
-224881
409347
-355125
-249932
95553
44197
5618
165727
-101490
52650
67851
62008
76967
70986
-153312
-141773
-83494
43388
-271702
49437
-291242
-65191
244571
253240
-161052
342
156500
-10636
103142
184311
-119894
-90631
127123
-192953
40525
-270395
27235
116866
-97741
134204
-31459
-34021
275357
24427
4812
-48537
-235168
-92867
319890
-62312
-47928
-28070
269436
39151
286196
-238248
-164951
198647
-190900
89631
153977
169000
-100690
48606
-205435
175691
118561
135146
-126132
-7408
-35022
-155114
41464
-33215
91078
-125494
171452
141987
80051
370407
-64903
121847
-189599
-240893
-90703
-92637
160852
-56045
-283062
-372626
-249720
96311
137712
16504
-161706
364525
123210
-42235
51723
-15536
229577
-3569
-33181
170895
394844
213061
303218
-97926
-25897
210438
-32953
112129
-125332
-96215
261641
-77948
-246750
122297
122308
-241603
148395
146408
121467
22542
335870
8265
279953
143212
-3510
360766
93221
-210122
-15342
96243
149521
24368
-148092
-61956
146351
130565
145985
-467286
143502
209468
46448
49504
466783
-139370
189563
98995
-97168
278631
-256772
170347
-6664
480367
203394
28095
-107267
26516
-169690
90398
-143820
-133871
-261791
122949
72034
-106587
32727
-99879
53603
-54750
21792
231385
-136240
-158016
94424
154641
130580
-24425
70879
-55658
-376424
39956
77859
-46221
73273
-144722
123788
-47479
203836
74043
-272953
207032
-182547
20145
229941
-64492
2276
-146765
-168254
-92307
-244773
-278594
-158413
-118474
-1633
-57071
92930
70272
-212176
-179041
173040
-143215
-137752
-83737
-366744
105476
116696
-184146
-16492
63878
-112008
96846
186156
-39453
370881
-164488
-89712
77909
16265
68335
95491
193629
20975
32621
33274
-104807
96418
106405
-50850
12028
304187
-104860
-286312
97362
241141
-452922
292873
240243
-81863
-87677
129485
194470
-186553
-115213
298419
83884
89309
106961
136890
78982
139523
386547
-23366
326691
62691
39200
139217
-63990
-246936
-163986
-134677
210112
7204
-66044
330488
439847
-11497
-372064
-380140
29907
105927
92235
12228
88661
97993
-512916
185012
152986
-149095
-99645
-70351
-202349
194908
-112597
-22279
-310028
209871
-88280
-29503
296837
80655
-275172
-254767
-174800
115023
-15488
-446452
-236424
154032
160930
259186
-119577
-93675
-136225
309348
-202290
273820
143391
-411425
-256503
12427
229524
2559
-102587
105089
-202200
139194
-241584
129913
-158765
-177963
246590
-26525
-151937
-2268
-77083
53663
209053
-41509
-15032
-128786
9598
-119140
114061
-5497
-221128
182083
-211007
57810
224299
-196004
111689
134795
-388960
110960
149357
-178047
44192
66185
122094
140627
997
-259926
-13489
23278
-237879
152464
98622
-157601
32898
-55805
-248074
60511
-357797
-48940
334546
129133
-65708
88222
-34274
308566
-99565
73567
48550
-168762
-103619
-214677
324443
-162853
-48648
41864
-200224
50820
17897
139922
-159456
-172294
108838
106289
-48859
355128
158396
-134462
-91260
54655
58378
-81048
557
-2823
-108245
89365
-14951
109489
-157333
-245438
-242075
23932
179592
2932
132429
-82531
176200
131034
10709
-356418
-225210
30513
-372654
239898
-43928
98738
-13803
86826
5018
13701
-50297
-37501
-11237
-189257
-112136
-177196
-163413
144693
-76442
54137
-44414
294656
30945
-20031
-220129
-178368
37416
-150730
-60508
-68259
-277476
-438676
122297
-3478
101744
28121
132069
-125040
-108295
-382911
138095
71905
458561
362855
-133590
-141959
42475
30927
51801
-86507
-17789
-83713
-226347
367984
238223
-24917
5953
-96621
1315
188110
213163
-205331
25724
39387
44235
180659
166335
-176584
120669
202263
-6374
233584
166173
53743
302065
17260
-177738
36265
-69804
277737
-129504
-338388
92566
26427
252063
-153517
-151146
-419365
204613
-87991
-82294
-61782
-205057
-332334
163656
-113790
-274654
97599
-17434
-81084
157437
90847
32570
295324
35436
195802
-51410
-200062
-116468
-326019
161978
5430
324927
-281992
-419176
-214566
5074
-278096
-226885
-128782
279650
3108
19432
-252125
183487
-116968
-155347
-15892
56257
94411
303290
-484910
176237
49434
-156814
-151083
25025
175376
234083
-33347
-219874
-69428
-169950
-57910
140390
263475
-243922
-5050
-148809
-39632
-84920
-57571
384287
77492
44954
-18953
13056
177819
311672
36527
-176767
162265
-326022
85082
-3314
185144
142198
351064
23060
104081
215503
59601
225615
-386461
-104317
-259669
138790
-131243
-198712
69317
-119221
-37764
-42460
-71404
-195196
15840
-390713
-247835
9205
160716
247399
-188996
118841
403331
458185
262129
69361
-229315
-225410
158069
-145800
27415
198994
-49469
-85358
162891
-18002
-30521
-243479
-275847
-147571
101257
74491
-37858
-150126
-62494
-93225
183745
-197603
-111909
-25196
-74183
-265860
20866
-371017
29464
11511
-252159
-217775
-210567
-52928
23158
233935
244449
-156525
-123407
68674
-162582
237669
-298203
-252485
-72215
40578
-35637
168892
-129415
61306
3651
112806
236731
-64580
-355466
-26791
166534
-55173
-64357
-393847
-38633
137873
32885
-120031
231710
223738
64331
24055
40527
-160046
-105306
140341
-136413
58339
284798
207501
-70960
-72948
5021
-88246
115177
-12953
-5723
-154728
16296
-106332
90281
84649
379894
157914
185637
-314981
-144419
24419
220140
-130934
-107844
265314
39191
-64746
-108030
-195771
109279
188305
-24367
-4653
227357
38481
-140677
68677
233179
309541
-172691
-23882
-52476
25032
313931
140472
59128
-1666
288698
-98949
-52034
203759
29864
54959
339773
-57003
-455758
-30438
-419343
41708
271192
101099
-13449
119292
-8826
174551
199494
137621
146942
80941
-131572
-49994
-25597
180242
-31230
36165
254871
12306
134092
185689
-123097
25301
72535
54395
322422
240925
62069
208994
-202640
126348
257741
-145046
-36021
81111
126676
225464
-274785
125231
-416014
115980
-74127
-118437
-68418
40315
-160378
-39064
-133916
7753
-13770
-286369
175074
322312
201335
-243376
167454
-60028
-158890
-195148
236927
93919
93947
-17707
-284200
-334149
157779
-161236
-164075
168435
-36001
47015
-225688
189878
309334
42622
45537
392099
152217
-59710
66292
-328349
191659
-30087
-113217
-31646
-86773
398348
344297
217334
-158076
208807
89827
128171
-263779
47867
177410
-111970
77935
-81341
86081
-102955
116244
397049
366832
-105641
258476
187486
-34526
-229305
-282863
-201414
290278
-236919
62021
-53413
-279049
-34406
-465499
137015
149059
279393
380719
189657
53081
23220
-68137
-91822
29061
277931
-149628
13629
-108073
164664
42765
29361
199230
287532
-114603
-10868
-46743
-417333
-185627
237964
-142014
-214836
6536
75749
170009
-211765
201790
-193301
113190
260981
96778
87946
-164258
-153990
355285
-103440
-197265
-514192
429502
-113857
250655
223087
-27449
-60082
186847
-258670
-2917
20554
-12998
-123677
-62329
-293855
87890
104567
-74566
160994
-275518
74372
18983
-163631
203005
-109477
130092
26852
2255
-126800
-108121
141226
207893
147526
25326
-364384
233521
58194
-12152
-40326
192853
67797
-332099
37872
-289151
343665
87471
221814
319142
355679
96925
-35841
1404
12031
-147372
368456
-22970
-82460
13575
-99917
206221
214482
-38127
-279327
233815
141875
-101325
-32870
267692
92511
5727
-59305
-211577
20685
185557
166530
388399
-279318
-16218
-43818
318886
-280440
2241
-419143
294042
17098
17858
-251269
283965
-75582
-128489
-7896
67677
157982
334518
-158879
139393
-80597
69621
6907
-21433
-26930
-105951
-136385
18333
183626
51395
-245604
-140034
90844
-100800
-130960
-32781
-23160
-226086
120171
-99799
197435
164218
226162
310833
23343
270379
-200705
-159636
321469
-173080
-136582
286036
72027
272439
59172
1126
-49318
-247855
316060
-302374
-83201
275062
-26357
125726
6881
15809
321816
-474911
250283
-270692
-51255
195904
72381
-7501
-219057
20633
227378
277585
-70391
188129
-198555
247432
168120
277091
-77487
-343181
119197
160556
134233
99531
228223
-113694
456123
-314833
29095
248088
-391635
272201
-356864
-325042
-424614
170988
318438
-5533
-64219
-32175
125288
219679
341379
233784
12164
-208627
56446
-42542
235308
-199861
-291501
-17991
14764
-60690
53300
169588
146817
139151
104966
-144674
85028
195683
-42466
-86562
139003
19029
-177499
-31960
-206745
-69930
148216
-147074
-168328
-48112
115743
179761
240789
-119905
125276
240602
-214371
-44602
-75607
-1695
46834
198650
-177867
176940
63694
-75303
51383
171114
-4692
5822
38288
126983
-206113
6657
174260
126588
-76055
-414601
239438
125222
-46114
-23742
-420245
-158133
196941
248295
190769
309473
65038
296715
-115204
22468
-100518
19178
-329612
169746
76131
230274
-279999
106599
-83796
-71586
-108962
398463
-172465
-107581
357234
108644
124735
77981
-151099
-289602
-185055
-4076
-7267
5817
-343450
67236
-195464
-233339
50627
135540
211387
47324
-13924
-50586
96467
-120882
110337
8955
168913
-570822
261688
-38642
119528
-213936
288864
-229862
300204
-268004
-297292
-37791
-9529
52696
-49601
-236306
117935
-288735
159009
-257731
267177
-51988
25142
353519
-112372
221275
-230385
-89566
-192139
-375273
22243
438418
171934
-274375
-200793
-110039
-501677
92543
237398
274259
158107
-120783
359493
-229238
382000
-343742
-206483
-78402
-38275
-114023
267657
-67428
252793
32132
-141529
-59007
148203
230104
133698
-245618
-48775
-67172
81268
135776
167020
-6587
128961
125159
-369741
64673
-180858
-49938
195272
65808
11679
-9977
-75154
6297
-170772
239778
-27059
-159713
-244023
86663
-86091
109388
-135205
284225
256280
13157
282621
330726
60399
99110
-353146
-198314
133849
-176286
-181538
-87240
20959
-183005
-139894
-267480
-165932
-81350
258401
162544
177965
68627
-183513
-11737
226770
301853
4386
70561
298791
110646
60833
123226
121718
-251385
-90739
-163692
146244
-172437
-191859
-16289
56390
116409
157142
63263
-35687
-107130
152737
77025
-164034
-42063
81699
-112650
-194753
-375383
-239149
38294
186042
-224439
248880
80418
-113452
18840
-225694
-340554
207745
-140029
-129933
242505
55320
270664
-603389
171872
103219
-37180
65696
354247
171462
-31089
-434824
-191692
305551
-2935
-242035
-18517
-33962
-15077
360445
-139251
-38935
328623
237926
-21998
-208434
6492
-157036
13598
10382
31841
119914
-62294
43427
100637
363095
210004
-372366
-97177
32456
113120
128076
-252789
-123934
41522
-339878
-45394
24457
-184820
-346776
-66189
383948
-238809
-259477
8014
-40612
-30070
33383
-77074
-21812
282831
59509
170038
-43167
-88422
2679
200810
218362
-192119
120444
-35491
27713
-306139
351982
-108260
48977
250586
-220922
137968
-145172
-42104
-68637
206263
-178858
40712
152919
-362532
197551
-121835
264126
-129259
-78436
3603
-98609
90086
-314294
55321
-189192
-205903
4589
-38786
181694
-127285
-319738
169437
188381
158678
-75765
440175
147761
36684
-303279
-38445
-228720
26831
88967
85556
391637
85725
66260
-144743
-245386
165998
52879
60569
14751
-34890
-232189
-336571
-19990
-22002
-232799
60329
187006
-109051
-127357
2564
-80393
233681
229073
16256
132900
103547
5833
57053
173931
163646
30737
36648
160303
-70944
-110649
36857
32440
57312
-166633
-354807
-38193
215247
5320
94442
247997
478545
28258
221747
-80255
-53834
-148094
-125038
72521
-64656
182692
-68982
-155644
70357
-320113
-271551
435909
-102223
87872
17325
53578
-288297
-417051
32021
-155581
358747
-113109
-205352
-199168
-210092
116420
11236
119920
-209258
26267
-9445
200714
30468
-5227
73363
181493
-96748
55353
21463
47877
-4668
160436
-534765
-155227
116135
-117049
-283636
148116
348145
-12081
-190671
190405
-358631
36410
213506
501993
171515
-58437
-157974
-119315
170419
-117296
-180501
159177
-184943
-61685
83083
88078
29807
155469
-2941
-49731
-229519
-182716
75230
123211
-13216
-172089
-70701
31180
189442
34398
18486
-75209
81027
83708
199127
41175
-77985
-39667
-152113
-18295
10617
-89
-33548
204135
-407282
-82142
165545
227847
123075
-188377
-77311
247886
-94250
-97790
162650
140427
52942
-296948
269671
-168420
-154583
134741
-200810
-85605
-63871
102870
-146779
30370
90260
270872
109114
-1601
-177600
166738
185060
-87327
174797
-146636
47167
33863
-72140
90476
16690
25471
-195178
131691
-102000
44746
-242109
-249386
35258
-146368
84285
110952
245187
-59400
168629
-39015
384285
-42906
-179343
-348309
113855
26246
-85905
-169614
-35561
252006
-192543
-290467
112332
1443
264168
-145778
-285150
-207802
58975
401126
38057
-212508
-106918
454333
-342005
283881
83131
-44873
192351
41249
129336
-68663
-294594
79107
385879
-104149
178509
19370
97901
-436419
-127997
-19235
53834
110846
-110323
151991
16427
196284
-140686
-96009
-180609
317277
-33791
-8282
330382
-191375
-69586
111267
-6655
-91022
-4695
107649
152045
-25282
-13804
-109277
151943
-270497
-279093
-77045
-100790
18198
-109367
-9329
-63676
436104
46932
193245
-35496
271347
-25926
86768
-152700
-58699
116332
-108086
-169154
12705
203634
337495
26847
57625
-160290
386340
-83726
256560
466451
-33498
-55512
210952
-39348
-117589
163842
115566
-91666
-42620
-147932
29664
-56635
91488
-70316
-116268
-26132
145343
212129
255626
86497
15903
-67231
37895
-275220
-316592
134881
-198099
-45924
-262658
24480
-354376
-251543
-262147
292462
140631
-112954
-122673
-52695
-209134
-55805
-135307
-101867
-119378
-44459
344632
-194921
-231770
170375
245452
163666
-36966
-17708
-2149
187469
-120968
32515
-32171
-250839
-11333
-208447
98410
-224596
19042
91844
54488
-186764
154850
265869
7114
-45582
-109680
-86742
-184747
234906
60675
1803
88053
-228286
128285
147845
179252
-166239
235709
-89398
374154
-211602
358809
162306
25417
395664
140939
64708
281714
-87069
-221644
-131824
-64123
-211479
8213
28663
120587
325799
-4962
-60549
-243645
-137433
234411
-163253
-177265
351877
-219117
-263174
190862
257664
42162
84540
236783
-25330
-77616
-42551
131397
-89600
82508
313044
-311962
69562
40423
-298522
32845
249351
23667
-187499
-8196
392134
125700
-331550
-153200
-101193
57715
-34535
-32492
-202746
-149718
35653
32784
-110917
-296565
-206329
95115
-120564
152105
146799
244447
72457
93342
196184
-179832
-98310
293240
-341546
-197209
49199
-27441
-301898
329793
112669
-29620
-18254
238099
-59989
-10231
239464
40855
-134556
-243065
-28732
318203
91423
-69240
-38574
-58399
47468
126362
-319379
-62517
-277345
71244
-161899
69682
136986
-103537
308505
-202766
184976
47618
22916
-36797
-108125
-151974
111534
-82921
58762
-133922
-286822
54624
187871
128464
213954
-156875
337738
28466
-202640
96011
-327881
-169846
306074
44403
184382
40489
-146557
265014
-84441
113841
-115031
245924
-29657
-75868
-217737
67701
-112770
407503
110507
268293
131322
46128
-389099
267311
-159101
24989
99994
-269681
155223
145411
334822
219451
102544
-250542
45066
-85704
65172
72779
155060
-305051
-40675
-95336
133646
191332
11631
-95235
-4821
-62487
-285112
-83467
-108547
288418
-167047
97642
-149427
188111
350644
-180746
-154645
4039
39303
-140749
218226
53730
-170703
-24071
-148887
3723
-164630
102643
-38086
85318
175423
-21628
37532
80769
-98835
-89558
-65939
-65731
128084
112787
196562
-65526
263596
491821
-173565
-61133
192756
197834
-236777
73686
-21823
-113347
-293689
-100139
147788
189453
127450
174725
73128
-164505
103704
-62035
110260
109663
174964
24740
736
-41502
74874
-206217
-252998
-215880
-189197
120081
209107
73695
-197304
170606
91299
-134212
-86797
451135
179138
-66145
150468
119315
-95167
142470
-405501
-1301
37486
233448
-117130
-84652
-118954
42827
88144
-210152
388679
-179016
-116279
283773
-51770
297234
170131
-49330
-115592
-270516
180735
-451283
82343
-229433
-113583
69165
-263941
35247
-14703
-36565
-45407
-114771
254701
-276670
13687
-178257
-235023
9682
176826
-79387
272088
23560
131469
-370259
139368
-342054
-130955
86873
311967
-30284
-133492
26641
120722
255869
-118431
68078
-20640
-243288
44316
83872
73701
-21353
-8748
238577
25611
-196725
65274
-320727
200582
-23006
-102265
-92102
189655
-121445
209881
-244110
109010
52035
-30849
-42228
-176300
-76312
7649
-112351
98335
-73414
94592
-176553
86820
-197849
9871
-232019
-17265
-10425
-78910
-395807
-24247
-15745
-65523
99279
30998
153135
-33604
-149114
116828
54061
223161
-157919
-153779
-180093
15028
1157
-331358
-119291
183357
-51735
-180994
-4549
-159140
363820
-5721
-94452
-211989
380616
78899
-217596
-20511
191286
-187426
32975
190651
185799
126826
328114
-184572
147103
-242214
-136029
241962
101994
258062
113550
105494
-114198
-906
317052
-663442
56597
-14607
-316626
116879
-163585
-281500
-241284
-285843
331316
243405
192701
-398585
187140
28743
-115700
136462
22612
72808
-139027
-36310
32884
-191202
51128
-39518
376310
-126159
-162747
503
-102220
-502431
-113784
-278337
-24705
-41939
-32996
-434810
-74005
330072
-294209
216168
-53068
367411
-146516
340205
115187
-130745
-170485
216
48492
-77894
-482600
169770
406281
20984
-10078
-84854
188791
-305819
-313757
150613
-58860
241475
130334
87802
4775
-43719
116440
-101678
32863
-184027
-121186
36161
71980
-145119
-96270
-81388
506581
-223869
-325692
330506
-399729
163490
328176
-71902
50307
-98394
-236955
114805
-2144
202805
292945
277994
-79686
-95703
218467
346122
528165
97098
1606
-295642
43815
17311
148149
-161291
-93108
88316
-202327
453857
-67995
-29651
-136845
48093
-147701
-149427
16644
-14128
-15580
-47363
-169271
-167933
-363406
-63145
64527
75708
154770
117937
-154400
-6597
27024
-17586
-288297
-71655
-286603
-157604
-240840
-338217
434175
13636
-100357
-207955
-111731
25084
70021
-206873
140865
-157851
142423
-184885
68462
38207
247291
150552
401203
-77769
105156
4943
-10672
114676
11388
-215277
-225244
-1719
-391142
-206187
-12545
48751
-110319
52612
352213
-46909
276992
-75139
21042
-103557
370040
-24437
139012
54993
-71210
-66622
178386
-24991
62612
-183071
52931
219388
29715
41851
90023
-184216
136085
-3537
270275
134824
215255
-152723
45974
-229296
92935
-239687
-97926
104467
80801
-172932
-90339
170605
648018
-173774
90091
61301
-189812
-82758
261607
68183
-138093
165771
-53195
10008
54465
71419
-85605
-263793
-327645
45996
-26009
157334
39197
-256941
147839
-78482
-1079
-67050
416985
323529
-35450
46559
-66792
-438007
202648
85536
-21506
-451095
18442
231648
146573
-87306
56065
-156443
143408
84421
164703
244686
-249059
71660
172476
-120936
15575
-11280
153587
21020
4292
-84649
-134759
-100741
112009
-91797
-9986
196890
-383145
150679
-151422
161667
189538
32533
113599
-252560
-131600
100471
-92122
-242350
-136538
-71973
132607
123815
-100414
-71157
239085
386917
-236075
231826
110474
-129402
-41866
74635
-83631
-43420
-199400
-179380
-112121
226022
-203625
107285
74028
39829
404743
279006
107243
131972
171551
-55307
273294
-69483
27590
207951
-178891
-84806
8231
-292282
392442
-140337
-194951
3052
187127
-20710
64981
1861
-148358
-47049
104965
-64371
93717
137118
307477
-192021
143213
111239
56153
58439
171586
87138
33071
179895
6903
-275643
24025
-206721
271367
-7190
211435
221574
-78844
-169245
-32567
-56335
-106952
38452
-128014
13789
-53227
262226
220715
303683
-289024
76081
-93890
-120549
41143
32279
80377
-225697
6545
148421
340676
-293539
-37097
-125456
225138
72924
25239
300646
-304983
-210773
-305474
-2071
186570
-260717
-176197
-101578
92568
31837
197590
-311816
-235455
18490
-134593
-56
-86361
-110646
-184518
-47149
-116060
-60324
77521
-74196
-157278
90142
69100
82654
-6893
147891
-66198
-92608
14158
83354
-99163
98859
48822
-161173
-70546
337382
242879
-88649
244911
-44536
279479
-191710
-44167
92038
-38955
-251531
55823
238590
83324
337018
391499
78417
-55272
307165
99780
-66660
48704
-16842
-73978
701986
260726
-15641
-116832
-141789
122536
117639
-259691
-119300
-154452
-140836
110719
52077
-134669
-205964
-387834
-196389
253233
209928
1328
167784
148353
88975
-223185
-306386
-20559
88062
-110893
14920
66118
-251901
-53465
-121563
293938
-9375
113537
332073
101627
-78203
61080
-189303
3938
19343
-166152
117126
-430981
86826
-64795
-497604
-160501
34724
84427
-369428
96291
-258518
-25766
138405
70753
16557
-150163
46811
-139366
-93322
241751
-430100
-133294
-467952
-36744
42015
59363
33553
6847
-49323
-250508
-133666
212491
230237
-107028
337643
-58126
165377
239766
394482
-235591
-172662
444398
27015
-40065
17928
-172504
-104502
151658
213584
-133892
-322819
87615
-252182
-72548
180029
58089
124606
-265823
-193385
-191181
-133
-55952
-130638
30759
101148
137475
82765
-53744
161487
-115466
288409
174460
-270681
268574
33441
-60544
160176
64322
227043
15601
-22321
-117373
-21081
-176452
333499
-111380
57648
-11811
241072
154544
322988
-23487
376758
166499
206227
263281
92151
-58725
-90911
69765
-86239
-290580
167683
-123001
-245939
-197847
-170705
89261
-56590
95212
27534
11458
82178
40330
-69816
268134
311
248370
-486367
212129
279008
-26215
-223317
-92191
54355
286958
226081
-85019
-38007
-61009
-396276
26288
103585
-83995
-341759
332127
17830
112255
-405412
-126764
-43605
128769
154419
190748
93157
231627
-101687
79466
60757
-6570
-16061
132808
-260465
-54049
347651
-164923
-27143
348790
47118
-58450
-76301
22269
-12504
24046
-150851
185061
-179855
122953
-25037
85755
-17338
-315840
-173621
-43654
295798
-120104
-621
136483
-98548
396762
-86355
91772
48761
-185633
7102
-127120
157186
-443369
165967
1397
-60239
220975
-152259
117581
-77070
180891
396679
54100
374885
190783
-62854
-4261
-87567
-133811
110358
90963
219036
372258
-134361
2015
98435
319646
38336
164115
102907
6734
-117986
-205435
-275303
58544
243510
298959
30457
-318432
182150
-75004
18568
248790
-522683
257446
-140985
96047
304966
316382
45520
-214974
171820
-50913
-308066
258415
-228739
13648
-39449
45524
-77419
105487
44224
-29462
-126075
100260
10434
-11881
-354293
-70666
180468
323197
125207
-65103
-401414
84317
-151791
-453172
75510
-62669
5762
-27901
-133957
-269935
-234252
-75298
78249
95328
-185464
143738
-276343
-293973
78553
8975
198345
-489905
-221753
-227247
232804
11447
-441408
-68592
176710
311069
-295696
84438
-125309
-27159
-375958
176220
12046
10640
-89765
-11651
222261
120984
-284218
166700
-227869
-174136
260328
124638
106176
-126282
-406638
66431
-87623
191212
-129576
-34852
-72822
88491
-207427
448071
443479
270994
71887
-58503
-96690
60402
326212
-190095
23338
-101938
99862
98442
-98717
159436
180728
-78170
-471664
-221377
-206772
39980
67357
-142605
17358
46841
-198257
135631
-108518
385849
56160
-84477
-72292
52573
16588
-227329
-33596
-94438
75850
-57719
-7623
100883
-346389
160982
-55677
-5186
-243559
66758
-504497
171188
-220195
137095
-51229
-103504
-39744
83985
-391667
69634
90348
21221
-89941
-2469
-149291
49450
-106476
6185
-105843
-60703
-208792
28593
212171
165252
-286437
-76011
192342
-375446
257061
-274591
73789
40316
-86349
87063
-113157
-153834
-256776
-95596
-71979
120346
-149581
108149
-18687
139695
-519836
104794
-329405
-108551
106029
224826
-137984
-255324
154664
-17078
50993
-354584
88339
-205794
-63657
-186708
-412071
-163938
99664
-151294
29436
-110545
-30270
74277
260640
133555
368956
-108523
-193114
134161
-105172
-169769
-84471
61616
-341177
16276
164247
-296175
-76390
73107
188578
352287
-15760
61348
34670
222375
-454929
162777
149587
68985
189604
-34425
235333
226360
192883
130022
126189
87905
-239524
-411497
26301
-221513
-144251
-118375
156028
136217
-155510
-4752
30882
16315
203711
-200215
-106239
-127251
-162212
-180792
-244702
-283633
-60274
110148
-132813
11949
31131
28679
-121701
-124639
10710
117162
-192106
-134592
132255
362807
146310
114665
-117258
315982
179399
-11108
-318420
242354
159237
-163390
43255
-371581
-153603
-332140
-132892
81638
283912
140560
-19018
-89304
321004
-156417
-116389
-68360
395650
388591
-42059
142095
267472
474462
5213
-324402
-317662
358188
-3487
174298
16739
301852
40156
47220
-312972
-105106
-184138
-61380
34251
-69868
97154
-309919
66617
230978
-166044
-38319
-201113
-499816
-365125
-79433
418376
-274789
159161
32922
104596
-447635
-94611
114012
-15472
9478
173611
19567
-216600
-26692
-243885
-295540
-251031
-330417
63290
-238011
-86288
155861
-78985
-104069
154467
-415675
31966
-98651
-2218
42744
385031
-163337
126067
-126834
271513
-260140
-289288
-238218
221154
366541
65457
-265965
423974
17941
-3819
260059
-146843
-120842
-284612
189938
-21962
116757
51958
-218124
-29159
183380
-109396
149246
16325
-127765
-279441
-123011
103372
-129917
-139000
-216807
-295999
-112701
-16358
-382142
32286
32479
-150895
91823
-24974
20080
167960
-139421
176867
-156100
-333077
478633
118339
207035
39008
31203
-35847
5821
-252163
-85699
-122931
55518
71493
-155392
194714
143395
-179214
158128
269625
17662
-42741
110071
-135989
222796
102002
205866
198175
-58151
169082
-246901
-199115
19451
157856
53944
104384
275972
-198286
17123
-119352
116671
152369
9351
-391
153011
-99330
-3126
-149941
328877
-54828
-343902
-54405
-292723
-9506
-98231
-50223
13669
-371449
117315
-227322
-28407
-68033
-32237
281617
115412
-215934
46573
-129184
64671
-20779
248757
294891
59976
-157691
304144
-30610
84881
279158
202653
-79118
-59926
30605
148317
215608
134739
224168
192746
95240
63459
-123838
87944
177150
75491
-251484
-279426
287258
64524
-203682
-248457
249325
228832
12807
-113223
-67794
-157164
-170816
160987
213102
-75265
242846
-53787
29140
89184
698665
-1521
-9775
-8758
325551
-36631
295974
-336950
142304
-287281
67945
-365407
158283
109916
-348130
82573
143009
-50502
181036
125302
-121176
-177057
90863
-87078
93936
145331
-312292
-154258
82079
16310
-41225
-125445
41440
188267
143706
136499
33405
33764
-120658
26411
82445
-114810
-156037
382344
-178183
95044
-435701
240498
-401691
-2208
29559
-8812
43850
-122298
-312721
-48622
-174444
7286
118727
312336
45945
-77798
-252918
1983
16505
-88787
-42
-186827
294656
-46055
90571
-237628
-151518
-236807
361225
-16212
293064
228184
-107279
-175862
-30857
-13142
53825
129561
-121987
-27767
-84451
300900
82393
-413206
-221025
75040
80512
229915
-13643
-144889
194277
268608
190218
138275
35706
71483
186591
113605
169047
-176480
127523
-85063
-81049
-32349
-80111
-58982
55156
-59173
22210
40953
-98132
-47060
-370890
244842
-216188
22519
201749
62374
-85976
223546
220578
224850
-44677
-6643
-55713
275601
107182
360323
-170368
-130665
290287
64153
302600
-66996
-13026
-132900
286398
-41415
-111186
-91871
55871
-523888
4503
273014
-370502
104439
154616
-147449
-182497
224983
216808
40294
-154172
-202702
89547
-213763
38190
248714
307305
200476
25011
89287
79158
-98327
-120944
-124194
-148169
-64622
20093
-12691
28943
142053
215710
-57762
73022
-136016
38121
-324598
-162250
64928
57262
112216
68920
-164417
92981
110676
171033
175730
221612
78165
50266
214391
7170
75308
-505760
-111210
90449
36978
32731
5340
102534
-42059
49195
37309
126282
218827
129101
129151
-9301
-63766
20374
-76798
-139918
61540
58520
43452
-199685
57045
-121241
-160201
-34040
-126792
96532
-564733
-111857
108948
-191535
131201
-42351
-29151
56778
43796
-522605
-21869
-158159
-60232
93395
-186664
187858
1264
-19998
418978
57175
8432
14813
247206
46943
20457
-39217
-254063
-157968
-46627
-261877
-123955
106205
93776
-78105
-213601
-271760
-46519
7497
-187462
74801
-120151
-222380
-18872
-213604
247744
103377
-20012
132158
-153789
164718
34004
30699
-116189
-95336
-129029
-52413
66786
148219
37123
-235695
141583
-64496
-71306
-259926
-5770
-134801
-338348
-294187
67476
-134296
5833
344258
-232150
494796
-176855
-85787
-21895
-27354
-28644
-101994
-109354
-163466
-67308
-344261
-159449
63437
217899
196496
-62311
103423
144813
-113269
-90812
493726
-83869
-83627
227649
-210824
-12477
-191676
157036
-178438
296799
77085
25422
-425
156852
43930
-135376
-144197
-136413
-51741
2839
111434
186180
-82610
134631
45702
123139
-47283
-71309
43348
-163297
-195316
-48526
-162393
288619
-73896
10307
4462
-339420
58376
-244959
289591
-223500
-284153
-25347
162556
-125993
123590
-310365
-254432
-24594
144642
-87944
65944
821
-132250
214172
-15904
18979
-300709
29868
-112457
35720
-168236
248046
33690
69122
-444777
-137593
-110322
113647
253034
-31746
-123640
235735
175719
-135509
-54171
-373374
-168307
-143747
-66823
295260
-206459
25736
98888
76254
-39718
15187
171360
11212
257499
-64943
-201337
-87734
239782
172377
-57894
-178693
-180378
-51469
-86471
-79627
-110072
84048
-68523
65179
66717
101133
12212
-143253
-40630
-275170
-66053
-169276
-222356
-255195
-366301
-86760
-106639
11172
76495
-323635
157940
-50672
156108
-157305
-186277
9649
-3632
53871
-78506
-185609
-159901
97499
71034
16246
-124459
-46002
-135749
133827
262347
4435
160177
-114571
-163992
203559
-23559
-101294
-9129
-25321
-6124
43803
14406
72622
15452
31741
-59998
185301
6384
66331
-96509
-14099
-9196
289336
196556
-59583
12968
-194341
161053
42206
-138291
155167
-180043
20488
155966
47115
118967
181838
-130272
-9856
2370
-210928
-22720
-337278
1180
-501778
-198973
162081
307899
-41551
62932
-243591
27029
-18798
-65969
377910
-514980
-165686
-72189
146955
-304801
163698
85042
-58673
-100301
-91195
102847
52648
282930
-107380
-248111
64049
-209728
641236
-30212
171159
265175
-26584
-154172
-43244
-6681
-214433
-80749
407938
67199
191718
-102311
516931
78829
-255419
-156813
204659
131842
-19761
-424825
22829
-96367
182132
146106
-132706
-33820
60587
88099
-4865
-36785
-80254
-130946
-810
-128268
-272031
-95010
-98544
-149837
-99875
-32510
108309
45897
-145911
68126
240958
-345783
-734
-110363
68958
-86768
91601
4445
-186569
-55561
142970
59598
-102861
-331198
25019
-4233
-81859
63253
354890
-98846
-205692
-31680
-272833
54010
-49607
39987
-50541
-69037
136335
28749
-40722
65175
-151447
-98100
-90259
184187
-457811
51246
-182847
-44112
260444
-112442
-89419
55298
-231394
288731
-241646
185870
-214379
-211459
300329
482576
-18993
-114621
269738
202720
225248
28284
-320252
-175349
66592
60806
-297179
-120937
-168232
253225
187571
43245
-14887
36446
96282
-301776
-464985
17039
-14984
7036
324095
-28254
-165735
161409
188835
46502
-198467
89459
52864
77858
-193819
103403
-163845
-120190
-384100
-94401
-130927
-11056
-227399
-51333
57760
-98393
218245
133687
191139
60025
-88419
-62889
66555
208322
-441438
130925
77425
-165420
-108060
-212125
47073
-66349
-221003
205708
65064
-345415
75190
-198140
236757
193380
215990
214234
-231496
186537
-46591
-267921
377699
-89249
271194
-191551
-173065
193791
-78617
-137356
-338841
66405
258065
-188974
134665
10943
177599
-311464
-186414
295503
-148530
71452
143655
-90616
71960
240390
-209495
125769
-19870
-88387
-112808
81596
58655
172020
12276
-114977
-69140
128385
155813
-67766
-229548
-70898
-289188
90806
-60293
133415
58155
644119
-422741
-90896
-154829
-151086
65329
85401
-123659
99898
-28324
446257
85903
306086
246313
-333766
-283742
-104034
-99885
-146665
86760
-58076
298152
391551
148230
-178890
185905
9108
-175934
-406618
-262486
179414
447976
21989
-193318
114556
-133807
110337
-148863
-5937
52026
20805
90553
-192445
-149505
-174482
-186527
38329
177604
-262824
-65454
294999
-126171
87751
-275811
26201
-24195
-50514
-96066
-258038
10310
71548
-172764
302701
-108710
-88894
-14240
-23168
-336455
-99879
-144594
68604
-123431
-35226
-368725
275395
-17650
64908
-111388
226458
-49333
154016
394823
96649
-57613
-239591
248187
-146133
36567
304073
265399
209218
91014
-136139
164265
73216
288966
11723
184669
-112898
58802
-88258
-8077
15475
13790
-81454
-56186
-110147
257745
94486
-297488
5893
172600
104061
-129342
13155
21509
140443
-380
121003
-273890
229526
-228732
-119978
-43730
-66451
269035
-27605
68180
15880
-55253
484621
1292
-219299
-377210
276006
65077
-210656
133329
-471044
-68445
-47287
-80883
71640
22974
201373
382543
-212573
59840
-9343
-182615
230556
3179
50093
155093
247569
-46860
199599
-15449
-77708
301869
-51261
370199
23182
-139972
46814
284434
31106
112645
243306
43027
284976
158290
102617
288424
-123747
-435979
20670
-84775
223210
-14222
150615
70247
-58648
27937
124453
36884
-10699
442093
-16444
-128962
153261
126992
201608
58699
-50928
-896
-53269
-337128
10126
159898
-196132
-220219
46160
-408347
-86566
134154
351286
-189465
-64110
-164897
40041
92890
-317656
15205
-187983
-15224
-84246
-283713
-222437
-190307
72628
4732
338856
-125064
261884
369637
94315
200435
5343
-3666
-92041
326081
149962
-371839
-92170
120662
122422
-43117
-207182
-49802
216198
-218047
32965
-327879
-18168
52094
115030
-126430
21045
222485
29401
279595
-119875
11442
-13498
122215
-218818
-333891
179740
-46921
336652
187478
110603
23968
119059
-278307
-77381
-262077
17593
58648
-174796
11357
75058
-102260
-165209
94609
-236479
290255
327861
-194078
-362303
409920
-167852
-165076
-148259
-81444
-9054
32601
48011
-14677
164809
-201925
-255786
-121538
26777
-78516
-82673
-57827
-327868
-168462
271488
-64594
57114
119328
212417
-105959
-178682
302445
-123204
-66615
-105624
-290957
-343166
103704
-388018
-147958
-136246
72742
121115
-17530
262211
196208
-239221
135161
-165959
-351981
-23285
-23223
-207686
91738
-79537
-164632
75529
262093
-63376
284342
-16896
50407
-547488
-282372
156802
-114601
-105915
-61747
62023
-101770
-270265
141239
123447
-292570
123727
-315643
-78416
132521
109870
-355290
-96929
-227736
-234178
5864
194157
196275
-423985
-149754
-244862
-2375
-119039
-214869
-166934
326373
314377
-183941
100501
302624
-79568
-160405
409138
-281574
10761
141202
99980
-68033
-40297
320166
-272281
-67776
133352
-259584
71632
38838
89683
-249015
188650
-11725
80389
1926
173807
-121547
-37953
-334288
266111
-280252
119365
-126019
339543
170019
-177614
55718
42846
121627
13133
-167257
-101398
-23342
118925
-45864
-32812
192073
25748
-160081
-79274
179538
13422
107857
-272752
496105
-123166
322095
-146131
25901
313920
170014
-327534
50411
-92955
122979
443117
-6720
69460
219699
-58880
-280985
78829
-47179
-241371
-244998
-32964
241717
-274801
-268786
23015
143660
270152
34307
-21221
91769
1095
-693273
317752
18058
-113732
138522
-125507
108300
-185840
-778
-221668
184637
-162499
271461
20047
117057
-279877
-38797
57040
-91077
19520
13767
-148968
-45801
240699
-58119
-173032
-430671
-50906
-46410
114528
-136396
-50642
413381
-72782
57650
-62388
-11373
-330064
258460
106985
-66163
377796
-245446
109868
28442
-245021
-32673
290280
20614
33976
-294110
206959
158270
130159
-270140
-191035
239073
-28854
126483
-46980
-211519
-110888
-289873
95964
11658
-116747
-47334
-179323
-140281
-146051
259997
147726
-291687
-292284
154814
-51493
-31808
-94417
-26498
-167148
-217959
-57912
-107970
-471543
-342806
134022
-86727
-112214
-112781
268089
-101932
174284
152928
-151645
-148746
124193
48268
150821
-47688
155329
-25631
113530
-83186
-279532
-303022
197245
172716
-314187
-25305
-148792
-75535
-79569
-190346
53323
82518
398392
210328
10474
369071
-311556
-167600
299148
39530
-52074
-70433
-58883
-225876
167910
-95484
-102442
424608
235027
-134224
192876
-246442
186376
-74685
-287826
133631
343548
-86370
-144652
-9189
415915
194393
143517
40738
-77741
-11074
-191435
359997
291336
-51369
74896
162529
332162
74570
313601
120810
103214
-9187
-49753
-55520
-53609
146648
195569
255448
131899
260187
242381
-126130
-186261
105930
63564
315631
183475
-409214
-77943
-136604
-64615
-194025
-371944
31885
-20009
-95345
25986
78233
-167749
165526
-247119
-256360
-466534
-233218
-54772
73707
-190981
198871
215179
-10155
-248468
-230400
-67021
-114373
63882
476110
4460
-331103
-9164
125946
-185391
143552
-200116
1856
-137282
-134284
-249259
48754
-106424
-167290
-37676
-78009
414711
-153011
-70278
46824
47969
173391
-44424
84980
180850
-17073
-154797
-38654
-397322
-150125
102064
-106673
212595
94291
87411
151926
163381
94297
97846
78714
320292
-136155
-201554
94
112959
-26120
-16076
82775
-447303
-11660
-405694
10972
25292
-45633
-3463
18246
-156325
82252
435831
39684
113717
265161
-169973
14631
139422
-112612
-5893
-106688
88484
-221561
203417
185143
222983
19465
-24386
426296
-121821
-217010
168259
263051
41491
-128764
-26606
-233418
-199924
343496
-80808
-38061
-277093
-93115
92975
344681
177419
-211700
324005
-103161
114792
237448
13808
-394309
-94864
234401
-239549
217576
-41574
-33444
-202927
-158717
29753
-210314
-107592
-190083
-257736
122468
-180453
186339
-169675
-89975
-143191
-270445
60753
-238305
-36099
57385
-57875
-186245
-50300
-161372
177016
31908
39409
141105
70650
-37464
58123
2171
1696
-206176
32964
79188
-194496
118978
129945
-54113
179832
-72483
307341
84296
-289356
-73365
-186752
75971
-70051
177510
-78866
56670
49222
141981
-232153
27286
-162805
83176
-60720
-416862
-203210
-484835
51822
8787
-220008
104321
-50212
-257764
-40326
-152006
41234
-226921
-27222
24009
142067
83451
173782
-260709
222521
-142661
-115980
-12014
-309461
-131559
108414
-91247
81076
205762
-62137
627719
36647
305610
-262972
41330
-29503
-60376
137676
-79737
29143
-75811
-220093
-133199
143294
98799
-175424
115781
9604
53953
-187860
-70246
-9865
165121
320195
21480
-257286
-198293
-299523
145089
-235837
-133123
-104555
-233901
-227712
-252413
209037
-125180
46276
-272384
20769
38600
32501
-220663
-246759
-301426
16582
228052
-99811
395823
348029
-46118
-59755
285586
-127938
-31125
50676
23912
301459
184268
163325
-132475
9039
-224880
-310597
244631
-185066
402354
-254264
-149666
98852
76911
337027
59028
-96048
-128036
-26868
-262452
220434
170277
138531
-43711
-151557
1427
-431757
84455
114759
296384
132550
122619
157904
21427
-208765
388873
-143268
-93992
-85585
-111468
-70444
-204397
36716
7147
83158
-192638
226135
-50921
-81108
-220681
-7579
-72262
333737
112450
-136859
536958
156926
-196640
139177
76639
169064
-45819
-349674
-308980
-214947
89472
10948
-100280
22323
-34401
41130
144546
162579
94938
193987
20453
174220
139753
-546230
7572
-275357
29019
189695
-123271
-33810
-105290
-137905
-159081
-176622
-151928
13082
-96865
-102668
-26272
-82152
146944
-36724
222135
15509
-67980
26938
-76681
180778
-179024
-51884
-28265
-79529
185325
-273108
213609
-363386
-37453
123577
9003
-103063
-108356
26053
144809
109929
180077
3385
168217
251751
-104169
350610
37450
-220851
42668
-67640
-55440
265918
163152
25881
222540
59201
-157753
-17923
-57033
-112868
33291
654842
26656
65439
100943
-131632
7905
61525
-105685
-135086
-109336
-135937
-174935
-21282
-5942
-31936
197487
201462
-1083
128691
-212117
-70793
-81756
293
-183719
431447
-173123
61345
-359175
-48580
166057
17108
-393863
-412054
-224152
-154651
25802
-71172
-21380
-34600
308316
-16289
-161712
143532
-42275
-163556
186959
81831
28885
-89284
253169
96029
-228802
77937
297186
91907
-130773
72531
39119
429701
-273805
-309743
-116711
-278216
-232500
116887
160615
113377
-588427
-78426
-10400
-337222
187835
57704
27241
-387566
-80559
-107309
-325494
-190323
-77024
137352
-177105
-103874
98330
-12433
58984
-222391
-244046
-49956
322653
205777
49986
112250
134731
-16729
165257
-138344
286605
-131615
88269
78924
53036
139661
121861
-370314
-400559
-155410
369608
-343658
88663
-93245
46916
19030
-41844
-93552
131953
65268
60368
116340
95523
385750
137334
-18735
129682
75307
32926
24534
157445
-17710
136876
-433595
501821
176515
526177
173865
135457
-158363
36325
24
-41543
30343
289771
-214945
71093
304386
-33176
-32555
56441
44351
136535
59992
70919
114454
144628
8673
-146601
-169249
-70332
-71889
566
-80745
-48441
233716
-51591
-168951
-85631
296910
-201619
131631
-273820
55466
286194
-94943
84325
77588
187983
-424516
-169334
-125256
62417
-157362
109985
-137928
170556
210671
-49195
-247126
47101
93095
278841
-213408
117900
-79995
-59467
56529
-107438
-176565
162615
128032
-161708
-64216
-209282
-216278
186014
-172792
-36710
208783
80322
383477
79293
429616
-2348
80083
-154871
13957
38634
-53903
220371
2608
328929
-88343
149901
-79384
137517
-142352
-15011
115175
-292066
372727
164836
231527
5888
-101280
-90270
469178
196438
32462
-690738
92029
367632
229186
6259
-21556
-38749
461477
107719
-115745
-82542
51032
41266
13928
-49832
-82728
-175279
241596
208406
-183190
45061
166260
177711
18198
-143889
-5201
321156
-264995
-40201
126483
213220
37085
-271688
-168758
-163377
-16852
35363
-52986
-11722
-148475
280548
-35191
-107845
-192886
-11848
390386
266226
-268556
-358547
240336
-62400
-29379
151217
148103
-293379
-137816
7754
-82508
166024
19110
200629
143826
-139841
-547497
-108162
237508
180269
130905
-548141
-99664
219660
52703
-9965
80812
73515
102403
366903
-51792
-91375
341458
198118
-49738
21752
-37248
78991
221733
-112060
-29404
-249714
-57111
-210910
95780
-18229
-11024
-261182
-247299
33818
-400910
-28803
260849
-285089
261835
22704
-321545
-144363
41892
-141101
-457554
75875
11139
-265249
1293
-94016
108990
-142419
-315295
-274442
245424
324493
-6197
-184527
93890
-80358
-230628
-4269
-17953
57279
-170885
-38190
20251
95775
243415
-92920
-167995
406919
65000
418275
-71982
57187
99369
-12481
144903
234694
32912
-288872
-238440
-29033
-157190
325221
275004
-56213
-123269
-115426
-166327
288482
-304802
206452
236283
-398226
-287605
235254
-194018
-35526
262996
-80106
-124042
341574
-120447
31666
217399
-49377
-1741
376447
389494
-118865
-127478
47469
292178
63632
-44877
48303
163033
132180
91148
24412
110329
-114709
-103609
31369
368565
-7992
-154724
-215278
112849
202801
76947
157024
164190
-240294
127639
-72114
75906
34612
-151633
-163947
-85713
3599
141069
-10924
-24295
-303247
114760
249920
-46798
22524
117200
25718
-258871
-115180
-241391
173487
147914
34201
-61281
217074
-130983
-122810
297548
-244384
-20321
173271
415906
4724
-160996
3196
-100263
-118453
97249
90345
118867
-6359
55573
-206048
-128918
80508
5628
56245
68806
231929
38683
-305850
151642
274592
73138
97353
81279
-123588
70549
-6913
229920
328224
-12862
99640
115130
-14058
291261
343478
-7219
-263168
-26520
-214743
-47696
-140308
148375
215900
135674
-48971
14580
211913
155406
23381
-9398
189040
63442
-80855
128212
-347353
-243703
-25361
-13448
147815
12673
210087
159388
235229
-74915
-288560
207498
-210429
107811
6729
-14167
44337
205669
-197254
79636
201981
-55591
165525
-198391
212737
-49255
49167
-111681
-39149
-35678
-221532
-61607
208199
30973
10622
151322
-208595
189655
70702
263193
134824
-125914
140090
-40129
205527
57668
39029
-195252
146617
158999
168900
27409
90615
498477
82908
-44579
-191466
-252193
-47571
46218
91425
53583
-241725
63121
-166136
-287606
-96463
10736
176641
-8977
87805
-155754
87359
-216698
-41747
-284152
14638
46511
242485
76067
3022
-119573
224693
-229966
-121968
-112794
54999
-219145
-272337
-108242
462839
187336
345858
41114
290990
11364
256271
-36408
356721
179123
-306119
-144387
-279361
-45603
-79531
-196216
247672
-26907
-68879
-212928
-160083
206684
4662
87928
304554
-19895
22494
103528
175477
-123760
70932
-46483
-39898
119234
141818
48827
-99717
83075
336627
199532
226432
-208834
21725
-91858
265400
69112
69609
-43879
-188085
-5430
207600
20424
148347
365368
35667
-314015
-273783
143671
314361
81359
-178131
-169922
36711
401880
140022
-230597
197764
-216928
54809
102126
-138590
96424
203686
-197057
-68562
327194
241724
133439
156029
-32953
-60060
286907
323213
-147811
-227529
377677
5937
75416
393100
-78781
102087
47276
-169723
294789
-231038
105428
-1314
169486
155067
140870
-87200
185922
245116
155577
86033
40310
-69493
-151175
103386
14856
-309690
-94126
48450
-77773
-314207
337379
-115208
141707
5428
34806
39897
-8821
3516
-272480
180969
-17953
-261231
-98641
79738
-143509
-142764
295045
71764
29259
-186310
76025
-391693
71142
1800
-156925
-80090
35137
236002
146035
142822
28146
-79487
-164941
-203867
33916
-212138
2021
150249
-141128
115785
91565
197480
29642
-167671
79697
184825
165340
-125583
-368327
23573
49466
-5077
159862
43881
79799
57074
361177
-21660
-6222
151607
57917
-114918
-545368
-357302
-32445
348784
129189
217723
-174489
-93443
-22927
-171177
209595
61854
242099
-306346
-182998
78808
-342308
55584
130864
-226716
75904
-106685
134268
-223100
112862
238985
9708
-208826
-161114
158293
-252715
138314
-332383
3380
36234
200290
96553
94747
-425852
59825
-193133
-150793
-307094
-128943
-6783
171199
-2087
152685
-130309
-283904
107375
-51591
117409
217989
243917
-284938
62633
158813
-177751
-95184
-323263
-8227
126585
-25072
85714
-226770
364491
167926
-143277
40990
-79453
-132717
433617
-50796
365757
271364
-18350
-84751
-139330
-185172
-333606
-101767
114548
84335
318578
84396
-166015
-6934
-364194
-81797
-107828
94149
-166318
-52045
206931
-65134
133255
175682
352251
208856
-115927
-37427
422413
24582
-312713
57815
70672
437790
202739
111862
134128
-126348
220044
287537
-103527
208766
45883
-90982
156800
-50323
108439
-173153
88642
-482172
-135158
-229315
32602
87654
277619
-187013
116200
-140119
66617
-215577
317691
-92131
273315
-80033
290322
-198712
236051
-32402
27464
165047
123568
63434
-83270
-468450
196951
-182639
-215804
196148
-176823
215210
-73796
-50540
22863
-175077
-76105
-244157
-236212
311727
-34514
-156537
-42360
-215614
-116678
-92251
-257938
134806
30020
188919
-175240
-54613
-78177
43596
-87012
-131977
17613
-90260
149526
272191
-28551
170617
-386950
63321
-126160
49537
158801
-107521
204112
-62064
295034
126111
-173851
146551
267986
280765
-78798
125670
-372587
-63085
-334793
199431
-34453
-23225
166329
159603
115792
-146255
43255
103606
-187630
143723
-106377
-382866
-24862
-241638
176770
13946
-306786
-82728
210655
32827
-16368
-69542
-102550
109862
-33829
22518
197234
179198
146951
-109977
-266664
-191171
93502
42059
143902
61585
123903
50492
41012
112197
-26945
-106642
-32703
-144449
-207640
42244
78392
91543
-193762
-149481
237480
-106501
-104169
-146266
-255565
-241084
-67158
-185982
18791
-101204
-153316
48739
-110707
-302756
-16942
-251168
29147
266929
305112
-95274
-100169
35826
514933
-260748
105500
-99813
143471
20191
-209756
266398
-166902
-112864
30033
10546
-254218
83770
-102605
-235339
74216
42516
-29323
245948
270184
160003
-203142
136257
-56287
-88684
34585
75020
25150
-88527
-51365
151002
237158
127495
-250109
55929
-34670
299563
-61296
-131851
-7913
-160747
-243912
165366
199908
10053
-22279
252664
-24346
103677
109497
-143015
280639
-242914
133834
-45589
-227472
-101949
199035
400158
-19451
-105369
51952
70482
-53500
213397
-56351
-80881
-191771
-194797
-14149
39978
-186609
25574
182773
-27159
266317
-101722
209504
-58476
300257
293604
52176
-4980
462813
-940
48459
-86687
-301339
172901
101197
118011
26356
26745
67754
-180709
265438
-90011
59229
77544
322479
170126
756
-123046
139407
119813
195025
37437
-56755
16247
163238
76383
160093
209284
-44609
-113079
-186345
242403
3035
57808
-111548
264299
-78417
79040
246260
150584
266714
112375
2937
-129471
-276967
-18509
46404
97544
191255
-14317
-28570
74822
-9650
-56146
114408
-506165
-106007
-26099
-181531
-104254
-155684
307262
100196
229287
25890
-406173
-29208
50093
52972
347957
45606
249761
-11243
70467
239963
303221
-78405
-78948
58815
-194813
6919
-29098
-66203
109604
-7104
181076
-326808
-457719
61219
38580
23632
-132850
-137774
363511
-86470
73598
48476
-66376
-198860
-137944
138512
-143445
-223376
-308408
32987
118615
-4495
193953
-46764
213107
92480
278152
-171760
-263855
-116215
-11445
39996
-75905
-116143
276289
-222511
-33475
124312
-87352
449339
313260
-60059
-32399
24326
13411
-63111
-13792
-17131
-207143
273658
42113
-470957
-312768
88610
-36019
118617
-116091
-110344
98573
-184376
-57827
63879
-23207
-82278
286410
349139
-48987
400973
109385
267302
-240021
-87765
10373
-47477
230793
20572
206708
125831
-309182
-163899
88351
-114168
56599
-191117
-74066
285034
-92451
285218
92698
163951
-273119
51096
-138969
-155556
182218
-6201
-358197
212272
-249974
73161
244589
58746
137380
-27476
-114974
-306656
113139
-191473
-350704
334646
416584
-236676
51964
-35243
-335446
13211
-167709
78640
-34359
-345469
204454
106595
163986
414940
114934
80501
107156
426650
-270697
-34270
225140
-413845
120389
-168035
-244997
3900
-61010
-100548
-99040
-246018
-25217
63364
-107480
130689
411208
144015
193370
-94853
-12763
140426
-188620
306482
-230034
-145691
-24184
-109750
-73739
-5679
88681
210411
-110750
105280
88352
-178387
172397
261814
-33866
-124507
108712
110443
-64043
70057
-127846
84360
-122096
519385
204183
391958
-599225
95255
-166388
-168537
-149700
26086
-156099
-44677
30767
-18911
282786
-117368
-256879
278503
190402
-127339
-90235
46156
86995
-167553
-177214
26215
-153982
308622
408495
-126589
-115713
-121804
232162
518560
-5100
256605
174525
-55372
216883
-172839
-180344
-3417
-502736
231797
248794
192885
-326953
89706
219492
171782
-483901
14225
-74407
-215283
-599720
228359
-115426
-195940
112564
161408
136500
-138828
71396
99978
-143391
-233015
54130
-96531
241238
202787
-171198
287225
352435
151674
328816
58528
279322
92370
123109
-57601
202090
337364
298011
172077
-241614
-243661
123766
-251162
94570
-307059
124162
266780
241895
18028
-17004
-152244
-44823
30295
31761
-18440
28578
-155776
-240680
-98409
192931
-54058
-146848
-35298
141739
45002
-162633
-174596
49942
-121793
209079
90493
326115
-108943
273348
-583405
176322
116197
119420
-27647
-156046
207818
-71199
-336948
-301335
20503
164969
-190256
-110216
116528
67974
-257128
-15729
-154592
-209648
266445
-181131
51608
-102325
164120
-382954
180248
214961
-120475
-147540
202191
196387
163165
-163685
-336508
125714
-34453
105180
-21082
-194505
-197295
218808
157751
277001
55079
-231480
-115926
144006
-187565
-130462
196589
14311
225037
-170036
-318841
226988
-60845
-18609
18928
161169
-85211
168833
98557
-201324
-55293
37585
-59418
5900
-143697
127427
-107381
267866
1919
214091
-81906
261024
-100336
103598
404
36307
-192359
138562
198790
111089
98714
41863
7146
57796
-137978
197882
-22038
24011
-105665
31271
-116124
25494
-132893
105965
483718
4683
-89954
-66308
145895
-181731
90417
-53049
62220
-34222
423884
-634
42507
-230644
14844
-300416
-477516
130187
-56946
83299
-116427
72383
-76979
59748
109799
-88743
-230140
-315108
151216
-28968
112505
-1832
198043
-680
358391
-222632
-119963
-431003
323413
9390
-80715
218135
118369
-1121
306565
-212424
-129820
233238
226867
-42689
-23146
220102
110669
-121093
25891
-64932
79648
-223559
-78780
164449
55779
61464
-60453
-241907
-82174
-44887
59421
-149875
73167
-51140
379802
-10105
-73089
33133
-114173
-17875
-344006
97063
-3561
294372
-389786
32623
-17768
15502
-168801
-276140
-61616
4518
266756
-193390
-253057
-69985
61313
169776
-31832
-86239
188629
151175
109997
2149
31435
-85861
227909
-144715
175723
109644
51161
-134334
-223943
-12804
-75586
51840
-163734
-135497
-282856
51281
-328947
182709
-57791
137059
-96950
139876
-264531
-53447
-51863
-50164
-206146
206613
69442
238575
82663
-3950
-112715
74435
-20546
-260818
127998
-146515
138520
37341
-189667
339464
15109
-445458
84414
254472
384615
-95850
81931
89949
-30521
210186
133899
-370851
-219126
111618
10239
-244825
119435
-127828
-132432
41013
303673
-246499
-449526
112912
80825
208601
363288
78624
-596235
-121987
-413369
239145
265650
6366
-123664
-81743
-95943
308006
-231465
313910
145337
157114
-403397
290483
145838
259520
-188347
102578
-120971
36695
-131941
-90898
46740
197812
-61448
163514
-248598
-38169
-298744
-263493
44836
112617
63461
380028
-155506
144422
34081
319929
-79165
117135
51620
-211603
-287992
168324
-16437
-8433
-77571
160859
200878
-85802
305869
-15883
403611
-168162
-148244
118213
430459
232991
-414794
-219656
-75173
-185703
-21256
-252907
450000
30306
222563
31168
-10605
185332
116788
-73252
45398
-222331
-4064
-216448
-296610
-112100
348168
-85689
57811
49928
-235963
-12166
296086
-333345
-138266
-105518
170331
80060
178709
149579
-198089
-106112
311572
101715
239407
441603
19968
-47312
517612
-74136
107555
51320
130977
-110635
-19353
17054
-334656
-220472
-376661
-173269
-107745
87048
459531
-92685
-337540
-215803
-272097
130881
-74782
35925
-156514
-155262
200631
26435
-37387
195627
-106825
-302456
-105086
37948
-106692
429062
-215037
276956
61069
513705
-49612
-43511
255379
197728
-244449
23712
110615
-97298
29999
66478
266695
129814
-31004
-529307
-252128
-87062
-37304
-180243
124189
-10370
-21653
-67441
-197894
117271
13651
-10849
-38142
-61275
185962
11367
22971
1699
16683
33253
-133579
-108619
-307795
-104186
14276
-40502
21592
111999
-152966
156071
263250
194268
-71652
18924
43027
-179103
-120638
-305651
141438
166632
40687
-26417
-180616
-9595
-354467
-106540
106601
141370
-230318
378639
80457
214703
-239020
-127111
6179
-56901
297013
-151978
462224
213966
81271
-16277
-106955
254547
453456
-27400
72082
-81074
-42369
-59307
-322953
285235
76577
247177
13285
31010
48777
325574
-42543
259111
365139
219212
-171779
-227393
120762
-223182
-83904
139934
-192325
63532
164182
-294720
-8584
-54947
266697
-74221
120048
-169680
363587
131321
-59176
-232619
545826
-103938
-33792
2288
-119544
-210208
333807
-201681
-141367
-150942
119809
85121
120137
-257645
147770
-339
13265
456722
187365
-163778
520203
245221
166010
61220
325529
-90264
-2045
-9712
142514
-84045
1194
-171476
27736
-179083
-108450
5791
94071
-290061
245803
300086
-163334
11228
-5145
71732
126040
65634
-71002
10516
-181571
250726
158015
-121760
-83099
-353780
-274395
267736
-108815
150723
-76940
-154369
311393
-117461
-191167
-119360
447653
-37416
-117706
-115270
166498
-151064
208758
21869
-269750
-81052
-199693
187732
43091
75643
92319
-35023
-125996
-4231
17084
-170436
68940
-157299
57014
97278
-234364
-161021
-4752
-298237
154543
240420
-156796
-112776
-179295
156996
-16380
-12020
54972
-46923
-322815
-62456
155888
69092
53479
38723
60808
61348
-159703
-206041
-180740
72240
-100851
36585
-193172
65642
-378194
-59358
274238
216356
-320499
28471
166215
-154207
-103788
115377
-4968
-27506
43795
313605
120499
-317707
180257
-327386
-469472
228330
151990
-111074
32023
-196579
-126597
-224923
33973
48687
52852
167615
-36853
153808
-31556
-114435
60942
56082
103132
-37747
52623
-103476
-262302
344926
-67847
-15254
118092
204594
-257258
338100
-201202
191779
10802
32483
-117591
-26706
113910
-219593
-168689
-579226
-38916
-199996
6772
-72788
-164359
-205449
163307
78401
21758
-69201
83849
-19987
-314447
-121985
203353
-83283
-139548
280557
134016
67365
-130216
-51636
142612
10380
-40913
198692
54272
232133
-72043
257107
-351394
-108041
-89237
40304
226421
-206999
73711
-476001
-155943
-391186
-353382
401230
9495
319744
252972
282298
-31268
259126
-59058
-89660
86362
68997
-217231
-95140
-266597
164643
41628
-25653
48399
30816
-124156
-52495
-259882
-140552
62603
126568
-67635
71958
234425
93784
-193460
-147995
65714
158739
149186
-50393
239084
306781
227453
66044
173107
463753
-21030
-295663
-70647
-65548
-142650
74144
-54421
79911
57414
26791
-321441
62431
16960
-112651
174666
-26253
-133825
-29994
404142
-171422
234107
-27235
217321
138276
-60498
228102
173614
-102811
-126560
-209935
-250972
60812
-104846
-24501
-68799
232363
247495
-45399
-335581
-13520
-71724
-434397
48287
118255
111722
-55021
-92478
-63546
84485
255467
9685
-102991
204625
123170
107769
92314
-278610
-223796
81793
1844
-368204
-135177
-77092
-286484
52215
58569
-63166
3025
-235738
-78585
-163829
82448
-458562
-92044
32371
-99199
220733
150371
252334
-58439
-227603
28020
-162285
65365
-200200
39094
-225379
-154647
103839
72567
127135
79903
145648
-19364
-161452
27323
-129175
-264782
-85273
-263789
71211
122363
-119841
216690
-162399
123133
-122344
-162768
-32441
63923
-76422
13114
104570
37249
184225
-129153
102670
-280614
96191
2973
24211
155517
234728
-61831
112540
203350
20588
-83418
103140
-12032
94851
-197166
-243066
366650
-115033
234809
161185
-430243
80366
228261
-270579
158665
-163361
32349
54002
32187
-209356
-117120
-90048
-88598
-201715
235849
-133150
30273
123054
235777
-177398
-394887
335525
324218
80964
-85033
23406
221095
-259651
-104919
-209271
-7590
32464
-50288
149552
-248479
-393109
-41332
197797
161727
-117011
-36163
-137099
61068
-1795
-88896
93991
-104855
-129649
-90722
-67558
81812
216538
-258813
-1251
82379
-195611
358702
-177437
232537
6260
-255350
115627
23447
-75432
-333289
284422
300889
108588
-22982
-112447
104619
-208733
-68581
65061
-121531
-444637
33105
53547
-291965
74515
440475
-41892
385235
1274
-65265
26308
117598
-9353
-106706
-125616
26435
-271356
82394
286964
-71670
-13414
142827
63410
-60622
186400
108404
331593
145481
169454
207463
-256947
-141738
-92311
-200566
-1204
200960
167675
-11594
53555
60021
-41681
-14891
123326
-22151
-7376
-75442
125157
-20367
78530
19923
-118439
6327
-57546
219058
490771
-168395
-179956
45808
166048
247782
203369
-181298
27491
19052
125760
-125716
158606
187114
-48734
-289613
-178340
63391
-97021
-183804
-23410
218084
-245121
100383
56489
-2505
31357
358014
-284850
347965
-384356
30636
278171
-55375
-248030
-45220
391899
10010
127983
-239129
169103
335685
25284
-26582
-333032
122949
326996
433278
-88154
-34045
130193
-119100
-228562
-120127
-212145
-93158
-65237
16585
136283
-133402
18258
105131
86037
122098
-214111
-219278
-199262
-487496
398694
10361
-191995
-66155
164142
-315638
200178
-74921
-35883
-339397
-480280
167447
-166991
76327
95907
-438848
46610
284290
-14020
-309155
-100872
80939
17627
-161506
21639
-7047
22702
1797
121685
194789
-41201
-111154
-254018
-121945
83350
161033
-310557
400788
-350072
-140842
21928
-358913
-206974
109653
106359
64629
-65352
108599
-51890
316226
-56441
-298168
313610
145441
136865
15507
-14717
103217
266164
-163053
-142479
-333773
-253259
-2555
-60944
75682
282785
209710
-108156
-253772
-51689
232489
82266
211879
-75771
77828
198023
-74705
-40017
262517
-62639
-93756
82632
-293013
260132
-199705
-89708
-98183
86313
-16708
-204854
-62544
-64960
-277123
-179690
70095
-43754
5029
-34599
163321
195567
22723
-299066
3381
-16104
-202374
-231427
-125179
72459
50869
-80018
-82784
-22542
-207502
-104611
187968
83113
159844
-247011
-112500
-106187
-258444
-221660
53262
63553
511812
21009
-185277
32519
-219279
34799
51794
10131
13552
-25777
-91097
-167411
-193367
67136
-139937
-227296
-294077
197834
-85559
34329
93116
459045
-174780
140190
209295
-255753
381762
184899
2040
47756
94940
-89506
32681
82863
-147182
24750
89925
-98848
-42919
21514
-12382
153402
75549
-108519
354948
180503
275894
-164000
423861
262121
-9388
146089
-244034
148383
124037
-77044
68872
-58079
-61453
-201443
51063
-19322
-198717
-34176
90581
172414
138111
-67022
-172254
-123008
-252833
-39744
-206600
-357186
58934
-103414
-186976
518897
59150
-101232
-221391
49409
43883
-337034
51188
63795
-199328
54636
270218
-210765
-201475
-397676
128916
-140719
-356669
-45764
176103
298149
-77561
-98220
-68779
-112555
194174
179869
18783
228111
52339
-132013
8708
-25010
-116371
51983
-158793
83683
-177785
-85308
450184
123288
300707
128488
-3926
-392574
-185805
9953
-177658
-85282
-50507
-144467
-135031
259734
-44535
84372
-245279
-43214
-122425
13120
65963
316471
-353781
160804
145565
196481
131557
172432
-32036
-197265
-19603
47203
-207750
165547
75637
51962
30156
-185869
49282
-116520
33531
17958
63421
-100764
-122704
5755
-255941
-9549
96426
136086
174787
-100398
-349686
394415
60702
-274670
74839
-260936
92726
-217378
168004
190575
224912
109841
-127616
194529
187816
112771
216601
236881
-232091
210080
-57574
36175
58463
-22554
189781
49107
-93352
35932
273213
11317
256017
247758
112498
-208454
-254339
-197371
24879
113801
-175202
311330
134137
-48404
-33333
-59772
243611
-60282
-250824
268306
78998
39978
-221413
61193
60082
-219744
97597
175096
68047
-16017
-71703
-99551
144098
64174
45382
-384107
-418553
-124142
-276247
-63337
-71642
-368443
225993
124
44560
205399
163758
-83995
396273
12817
31
187624
60595
137841
280861
24213
320125
-85775
46752
-98487
-151671
77993
412957
3303
-121545
-94482
31522
-94597
34847
116627
141825
-108767
220904
24940
43326
194740
-117392
-206302
58428
-247767
-7674
247090
-54556
-144213
71113
170051
-74728
-100008
-82167
246895
-23173
44224
45565
510826
81662
-59764
-154027
-41333
-122639
87277
18988
-111505
200446
126774
187538
-69493
222129
-300066
106164
4008
108250
284003
12953
-112162
-114638
-55278
158246
51324
182487
191909
92861
15933
145345
36222
285311
5771
245103
-239762
-34638
249866
-13496
-171577
164407
54999
-496649
136810
10290
3508
-77702
230032
47383
126314
-4311
233489
132149
-371462
-153554
-119872
-334252
64695
125599
284632
-70242
-160696
96170
115583
-309800
63085
-51246
322858
-255981
6665
5982
-37556
282714
-165494
44807
89395
126728
73980
169396
-118278
343133
-3358
67096
-148260
223249
-89758
147439
17379
68852
294381
-1378
-103096
93914
257764
255942
150566
54264
153096
-114875
132073
-14127
-64628
262006
-123901
241531
-48387
-185275
2888
-15340
299575
151364
13114
111867
101897
-182003
-138676
-148901
81848
-199852
66740
-470400
-161682
-195235
-2006
-36831
-254952
332114
-173973
325908
73055
89209
-79430
262949
147059
125393
199278
-149399
167082
267285
265241
22858
160971
189213
-26722
-137269
40054
149941
-104392
-401094
166721
40520
161502
182442
249268
81866
240631
-162677
101365
-80640
116366
-74982
-30897
191560
-1701
127225
38801
39344
-179671
300621
-32864
-170006
108202
-36284
70592
-238551
563980
-36519
138965
72139
-87767
141367
51797
495508
-131318
-28707
135286
-31442
-198170
281546
90593
-206984
93116
74833
-251754
78929
157448
-186783
-20839
-191897
-280927
65676
-128299
81786
450367
145299
114271
39644
255636
138341
-59832
420861
-40387
-123452
49274
359185
-357743
-532
303295
-428386
-428585
-205139
-238203
-16427
250350
-112575
-346526
370956
-486796
194136
-70080
221945
305773
217668
5717
-59727
32450
29887
-243045
-63150
-40370
74772
154760
71752
125493
29233
459
-97438
69633
42075
-37889
-189590
307698
217754
-132634
-17145
137317
-220229
-256686
-79169
-3906
295740
-57893
161567
116041
-251301
-46123
-288233
359456
-266110
409636
71694
52467
120262
-67029
-319142
-139306
-2041
3380
323365
114653
201091
40235
101570
-31898
39959
214985
-961
-42793
-37052
-34956
-18301
-236919
-465086
-4450
298752
-127103
-96784
-151768
314452
93111
-237203
315730
-139720
-311324
-354969
-78953
-48536
134519
226063
-114924
126115
207297
17795
132799
-158032
275268
-7493
9967
-66033
-50488
-138002
-333778
62098
79174
-81723
-77184
-41552
72363
116453
-136981
-148712
-9307
108799
-390569
329521
157684
257149
39232
146583
-152591
-335461
-41143
-443203
93337
-411210
-114875
83943
-175962
-62917
208170
218951
316488
52350
-151805
148704
-16251
186761
-255227
-232827
-382289
130234
76937
-101318
270707
-209857
-25211
287997
-245950
135120
105463
204516
-466109
-292387
227711
-26320
18456
-246738
-156310
-229295
-58567
-255643
-56063
-51998
-187089
-313069
-79350
-112237
313502
-360475
414167
68567
-89622
-426440
-19675
199861
-159475
3541
39496
-291317
-7515
-205794
55449
165388
-123912
163415
-11640
-146058
-32318
97278
-118354
-10566
-185462
-149846
-198418
98561
-44105
-63197
87111
-274732
-10311
216497
284909
-194249
11508
145452
-24440
-63734
179593
80343
-14977
100263
469987
315918
81171
-47831
107118
185285
-234015
154848
145553
396073
-434549
19287
-182819
117488
-199112
158667
-172236
170867
-163532
27047