2688549066
3560964096
3695181824
3489685504
3623878656
3502247936
3636461568
3493855232
3628073025
3498049536
3632267264
2415919105
3225419776
3359637504
3221229568
3355443200
3233808640
3368026112
3229614336
3363831808
3246391552
3380609024
2417754112
3235643904
3369861120
2417819648
3235709184
3369926656
3772514308
2415984640
3225497856
3359703040
3221291008
3355508736
3233873920
3368091648
3229704704
3363897344
3246481920
3380674560
2416050176
2550267908
3225550912
3359768576
3221360640
3355574272
3233939456
3368157184
3229745152
3363962880
3246522368
3380740096
2416115712
2550333446
3225617280
3359834112
3221426176
3355639808
3234004992
3368222720
3229810688
3364028416
3246587904
3380805632
2416181248
2550398981
3225681984
3359899648
3221491712
3355705344
3234070528
3368288256
3229876224
3364093952
3246653440
3380871168
2417426432
3222736896
3356950528
3759603713
2416246784
3225760000
3359965184
3221553152
3355770880
3234136064
3368353792
3229966848
3364159488
3246744064
3380936704
2416312320
3225813888
3360030720
3221618688
3355836416
3234201600
3368419328
3230010880
3364225024
3246788096
3381002240
2417492016
3231187456
3365404672
2417557504
3231252736
3365470208
3768254468
2416836608
3226349824
3360555008
3763404996
2416377856
3259432960
3393650688
3255238657
3389456384
3267821569
3402039296
3263627265
3397844992
3280404481
3414622208
2416443392
3259498692
3393716224
3255304192
3389521920
3267887104
3402104832
3263692849
3397910528
3280470065
3414687744
2416508928
2550267904
3259564033
3393781760
3255369729
3389587456
3267952640
3402170368
3263758336
3397976064
3280535552
3414753280
2416574464
2550333442
3259629582
3393847296
3255435265
3389652992
3268018176
3402235904
3263823872
3398041600
3280601088
3414818816
2416640000
2550398977
3259695105
3393912832
3255500801
3389718528
3268083712
3402301440
3263889408
3398107136
3280666624
3414884352
2416705542
3259760668
3393978368
3255566336
3389784064
3268149248
3402366976
3263954951
3398172672
3280732167
3414949888
2416771078
3259826178
3394043904
3255631872
3389849600
3268214784
3402432512
3264020481
3398238208
3280797697
3415015424
2417819696
3248292352
3382509568
2417885184
3248357632
3382575104
3902799876
2756509696
2952790017