10100000010000000000000011001010
11010100010000000000000000000000
11011100010000000000000000000000
11010000000000000110000000000000
11011000000000000000000000000000
11010000110000000001000000000000
11011000110000000000000000000000
11010000010000000000000000000000
11011000010000000000000001000001
11010000100000000000000000000000
11011000100000000000000000000000
10010000000000000000000000000001
11000000010000000000000000000000
11001000010000000000000000000000
11000000000000000001000000000000
11001000000000000000000000000000
11000000110000000000000100000000
11001000110000000000000000000000
11000000100000000000000100000000
11001000100000000000000000000000
11000001100000000000000100000000
11001001100000000000000000000000
10010000000111000000000000000000
11000000110111000000001000000000
11001000110111000000000000000000
10010000000111010000000000000000
11000000110111010000000100000000
11001000110111010000000000000000
11100000110111000000000000000100
10010000000000010000000000000000
11000000010000010011000100000000
11001000010000010000000000000000
11000000000000010000000000000000
11001000000000010000000000000000
11000000110000010000000000000000
11001000110000010000000000000000
11000000100000010110001000000000
11001000100000010000000000000000
11000001100000010110001000000000
11001001100000010000000000000000
10010000000000100000000000000000
10011000000000100000000000000100
11000000010000100000000001000000
11001000010000100000000000000000
11000000000000100001000000000000
11001000000000100000000000000000
11000000110000100000000000000000
11001000110000100000000000000000
11000000100000100000000000000000
11001000100000100000000000000000
11000001100000100000000000000000
11001001100000100000000000000000
10010000000000110000000000000000
10011000000000110000000000000110
11000000010000110000001110000000
11001000010000110000000000000000
11000000000000110001000000000000
11001000000000110000000000000000
11000000110000110000000000000000
11001000110000110000000000000000
11000000100000110000000000000000
11001000100000110000000000000000
11000001100000110000000000000000
11001001100000110000000000000000
10010000000001000000000000000000
10011000000001000000000000000101
11000000010001000000000001000000
11001000010001000000000000000000
11000000000001000001000000000000
11001000000001000000000000000000
11000000110001000000000000000000
11001000110001000000000000000000
11000000100001000000000000000000
11001000100001000000000000000000
11000001100001000000000000000000
11001001100001000000000000000000
10010000000101110000000000000000
11000000000101110001000000000000
11001000000101110000000000000000
11100000000101110000000000000001
10010000000001010000000000000000
11000000010001010011000100000000
11001000010001010000000000000000
11000000000001010000000000000000
11001000000001010000000000000000
11000000110001010000000000000000
11001000110001010000000000000000
11000000100001010110001000000000
11001000100001010000000000000000
11000001100001010110001000000000
11001001100001010000000000000000
10010000000001100000000000000000
11000000010001100000001110000000
11001000010001100000000000000000
11000000000001100000000000000000
11001000000001100000000000000000
11000000110001100000000000000000
11001000110001100000000000000000
11000000100001100000111000000000
11001000100001100000000000000000
11000001100001100000111000000000
11001001100001100000000000000000
10010000000110000000000000110000
11000000100110000000001000000000
11001000100110000000000000000000
10010000000110010000000000000000
11000000100110010000000100000000
11001000100110010000000000000000
11100000100110110000000000000100
10010000000011100000000000000000
11000000010011100011000100000000
11001000010011100000000000000000
11100000010100010000000011000100
10010000000001110000000000000000
11000010010001110000000000000000
11001010010001110000000000000000
11000010000001110000000000000001
11001010000001110000000000000000
11000010110001110000000000000001
11001010110001110000000000000000
11000010100001110000000000000001
11001010100001110000000000000000
11000011100001110000000000000001
11001011100001110000000000000000
10010000000010000000000000000000
11000010010010000000000011000100
11001010010010000000000000000000
11000010000010000000000000000000
11001010000010000000000000000000
11000010110010000000000000000000
11001010110010000000000000000000
11000010100010000000000000110001
11001010100010000000000000000000
11000011100010000000000000110001
11001011100010000000000000000000
10010000000010010000000000000000
10011000000000100000000000000000
11000010010010010000000000000001
11001010010010010000000000000000
11000010000010010000000000000001
11001010000010010000000000000000
11000010110010010000000000000000
11001010110010010000000000000000
11000010100010010000000000000000
11001010100010010000000000000000
11000011100010010000000000000000
11001011100010010000000000000000
10010000000010100000000000000000
10011000000000110000000000000010
11000010010010100000000000001110
11001010010010100000000000000000
11000010000010100000000000000001
11001010000010100000000000000000
11000010110010100000000000000000
11001010110010100000000000000000
11000010100010100000000000000000
11001010100010100000000000000000
11000011100010100000000000000000
11001011100010100000000000000000
10010000000010110000000000000000
10011000000001000000000000000001
11000010010010110000000000000001
11001010010010110000000000000000
11000010000010110000000000000001
11001010000010110000000000000000
11000010110010110000000000000000
11001010110010110000000000000000
11000010100010110000000000000000
11001010100010110000000000000000
11000011100010110000000000000000
11001011100010110000000000000000
10010000000011000000000000000110
11000010010011000000000000011100
11001010010011000000000000000000
11000010000011000000000000000000
11001010000011000000000000000000
11000010110011000000000000000000
11001010110011000000000000000000
11000010100011000000000000000111
11001010100011000000000000000000
11000011100011000000000000000111
11001011100011000000000000000000
10010000000011010000000000000110
11000010010011010000000000000010
11001010010011010000000000000000
11000010000011010000000000000000
11001010000011010000000000000000
11000010110011010000000000000000
11001010110011010000000000000000
11000010100011010000000000000001
11001010100011010000000000000000
11000011100011010000000000000001
11001011100011010000000000000000
10010000000111010000000000110000
11000001100111010000001000000000
11001001100111010000000000000000
10010000000111100000000000000000
11000001100111100000000100000000
11001001100111100000000000000000
11101000101000000000000000000100
10100100010011010000000000000000
10110000000000000000000000000001