1632773126
1549469223
1749685504
1097934366
1258825310
1360077668
2019893280
1394561816
472919342
1683235085
123622412
1249583110
254809921
1181048596
1433024565
1698843976
959467011
106438468
471803920
2066043190
1564549427
308874866
688353550
1534926414
191980400
1748984934
254032234
1294487641
152904263
2087350361
4538729
1078006828
757544465
1997345053
53833797
1952343908
508704828
67311989
925902694
456266110
1568024682
1618612497
895156833
779355218
637556038
142353180
1546998075
1616866398
594370632
1495619397
2099411734
477975872
189465706
1595819619
1534546223
2002601241
503588400
339637106
1481333569
393505097
1714307123
1477721625
1934913662
55857527
1763583590
1479494703
1062414618
553936385
679170837
1074206783
1983214369
1662522207
827543042
1665037898
772085851
336020333
1612993835
170284053
1266110490
141959965
1634297138
875108953
2053520489
1179000172
1041725450
628893698
456683264
102191470
1392592666
729158978
958888021
1852537884
173175347
1577856526
829888869
1983802974
1294160731
373886472
442596609
1548582512
1126043956
1832809232
1197941514
1716740975
87429406
172760145
1515128942
1664252460
756745040
1596530707
276654346
1594255189
1313079390
774709777
1601374566
473961776
1996648574
825770853
609820475
172698660
607802749
1679124762
1948517988
760695557
1196258837
270470521
1965781272
420100368
1946434076
2001893158
896144989
1159266316
1848643929
777532282
456617253
1059462705
156593426
219426656
2069002058
119042386
1247231596
1198934549
1635344248
1482687865
189471513
1210717774
1466976053
455478624
1666134792
1932489507
1146956405
1393897804
1444747781
1996493109
1142621205
575233377
441414488
661066320
1869037835
424822802
825165648
190659446
707141460
1882914906
1566454834
1664886600
222246766
1193625369
1783783696
1816351054
1142646621
1498823963
1242106163
1316230677
1846685544
909051653
589916975
392191329
523596041
1864842344
1628258657
1511148665
995844721
2070348303
2071343710
173961484
1332806185
238503503
487734096
1917013291
571826462
2100516119
857765650
1678000505
2839864
672927592
1147938575
712134406
1981617920
2002261334
1647917120
1061837641
873560382
1260343654
1694631681
2066447408
438570341
993006152
1111384872
2104515609
308049188
643266817
369824864
544741422
880041038
1681919763
504636759
1113873166
1246781819
50356997
1549943376
726404153
1431830623
1732061543
1864919562
755974461
996430420
2121424998
1029112406
559962711
201614380
1493765751
910894112
1447509294
1164123507
761074991
1934240048
2054235194
2103856899
67401543
1467748392
1963871090
2098084629
2016296511
321791356
944460149
1113156441
276040266
945380369
944512778
826166825
1095373858
1313092632
1563641674
571158023
2118648610
1985568118
906771033
1850158691
357985568
425544794
1275478818
1514561388
186607160
911410470
556862246
1280006974
2118131320
88150799
1568501532
1026297650
739073389
1400716076
1786056193
1410668648
1735609416
1329927537
187855629
560416369
391056234
1899264525
1715608382
490216766
357829689
559886432
118716186
2000293196
1428359504
557060880
1666386524
1998615361
1007249189
1666978423
1282615868
1803430742
1964385656
172953696
2081384780
1395355999
959274053
1232633154
1365777952
1868839284
941568368
158536058
2017155449
1313691750
945962829
242171441
2032221699
423299090
912994127
1315400800
1499684389
117577820
408223767
137047854
561583676
342106131
823667520
1041780085
304562188
1778668922
1764785483
593363756
1954247940
1213356033
1162240593
1360614409
1381065787
822560100
1246040361
625376547
137636418
1111576625
1459899667
1763770641
1080520212
1733648145
420242536
1717843989
1279416171
1694899069
807541275
2033784684
1633291535
624758071
878790491
1564355362
1544706392
679287141
508000287
1310553452
407850087
1380673094
977734709
1969712923
925636879
1433154107
1180723026
477053482
17308978
945454411
846544921
1647334955
1366171424
1312372534
1012219501
1174677771
1965829491
1091318869
1897555070
704712244
545007930
593834005
1333277740
426728981
1433434643
342116424
757533223
1362953291
908481044
52300840
2115379058
511391831
2117274451
842365189
423367997
1851918974
404321878
256997990
1602097190
2104252979
222519672
1629695777
557021792
1160906049
1476678947
830091778
624770859
2070696800
1918509348
1616839023
1650599997
1162310660
1527977342
441598493
927613821
1362496519
306971749
822627847
2048736887
722869337
404716915
120866640
1215633476
256334151
142354435
997880076
5535805
743666725
880311060
276125779
672410380
704854618
87976205
1952388868
858466613
979380852
1531408437
393294400
104676911
1327647328
1428715790
1077414958
1215986209
760416784
1848196897
1883984177
1581202760
155664209
673126505
661525592
1213212161
1008164988
1129327623
689977186
810102101
442831404
208556334
1514499118
993990260
2122153274
1258842376
1766200647
1263876722
393768533
1265835889
739187263
1716794481
2104629867
1848264469
125047397
92080680
726891026
1144277313
809700141
1225946472
1983343460
272134736
7422762
740518657
542398067
1363025692
1581140087
1715875184
557087030
1596600906
1680307978
842011212
1009991733
1564618328
155718417
1732214046
1416783653
1060445796
1830435686
236794116
1917737066
942624621
1366900327
1210933855
1212702530
271193944
1582523942
1145535070
135015961
879907159
1762927961
675175752
202451214
84572022
1914139443
775899946
171260434
1259084846
1628717366
1547065106
609497879
1847282043
627065461
104539663
622083356
1211176222
1450383972
257833512
1881699371
1095835962
1463433776
1763853847
926092652
341130864
1350004556
202394882
1882289740
475810605
208754697
911570002
1265984268
2003396901
50857476
139671422
1227520530
1814122109
35859755
192749176
324147765
2102730835
841752631
1798451512
729437284
879577948
573715308
1208820849
1211331856
1047467089
1935215730
1551721729
441989502
1229267991
322246257
521011466
103763472
1863532631
1697600066
992752493
101207359
1566579996
192230254
205152285
1647973178
620983402
1459911716
1379614552
890198315
1496279364
120793200
878339942
1379101542
2100108661
360394092
2065458813
925582336
1262635300
2119315302
1896762404
559964520
1583443771
2016095044
739208002
102962752
2071276826
771950113
1752314206
1929400175
259155216
2065256303
343681826
55389242
790298977
422922325
157693476
908397411
1818759189
643836965
740127030
1046155344
358113903
758543122
1663639915
1732199217
489964565
810644008
1444107012
642481473
1698508604
1011616081
1175863910
1885501451
1477520452
1446529903
941237799
775827481
1864392292
240802930
980767773
1114141562
209405443
846079259
2018453877
957034521
956762705
5381181
1213991752
2020175670
404379920
1309234797
1679885893
352847486
594900059
154870806
2069510967
1432104456
136910349
2032225864
406809165
958823686
1446518019
1210805510
1715210853
826357618
645598999
373627656
1667253620
2049385309
1414733099
1096238431
1902731043
1600944225
4413198
237462875
1618225246
337000021
706306092
1192717688
1446906971
24778841
1042507131
2068456486
1164718907
1208616550
1398941560
1819366439
675745036
641621550
777863501
927274315
1802902551
756556158
309534473
941825797
729495131
2102293849
506728747
910969956
1114447458
654908682
638410607
52782132
706963237
2053854482
973998953
627770168
943269398
472733201
1814366506
1998339346
1947154548
1681289742
1796950343
1867660335
304295721
1835082297
1313538913
626134064
654852384
142024464
1248229714
1695624825
456154888
561402901
1310621277
1950965263
1561395550
1165196121
86573887
960045884
39149684
959734873
722620513
511253627
427578947
1226338894
1296698213
355433778
1493179963
1060514329
1947027724
458119001
907180058
320621113
655956492
1980857619
1644716801
254551077
544505379
1517298741
1077691209
1650285157
561581603
1444872485
1147667565
1449996570
742786410
1834757643
1450988908
907151198
964306186
1696084034
655310937
961439341
1064371815
1328838942
624236647
1343433728
775040321
243081997
235372064
70536540
1411391061
1896043857
914114662
557713162
1629777694
370502155
373965657
974405154
590624280
510605156
1332690036
404834861
1080058429
225781882
638680618
1514294335
2050781301
1779373182
424879224
1094847830
1326716936
1969119572
574699781
758472306
1079670896
141507142
1195472736
1209366618
1869568614
360058489
3296054
1463225451
1694644785
386035201
1780817974
570560610
1500526415
270147334
1497913602
189750028
402724182
676154739
1466193249
1346175539
773730317
878786607
326576672
760219001
908264780
1047602787
605508111
487148892
1783190898
1428961839
421674290
1111367265
993276450
1699495490
169439096
862682431
711877398
1749765686
744447075
1847135303
1532842067
489105518
1359814516
1444553836
2098549082
1751212800
1929717846
1316647760
1602116950
218235960
490800690
1327381549
473507918
1483624211
759591534
1497967948
1180183666
1746357597
1329487141
1447508813
1412258655
705917261
386757378
1734413602
1803173991
1064175645
1886650440
1970037012
106966089
23354377
1360739151
73752652
572155432
1616003103
487216983
542597742
1769043490
675037516
223829863
358251848
173937440
1207978092
123344745
1211564104
38689560
1498119479
1868706358
942237053
1497062213
2020103736
862548233
38893410
594880329
122697007
1361130809
134369030
960854069
1462318191
1245595970
2087927633
1828879958
1953129550
1764496913
1901206278
1316900358
1954241389
1496584031
1902472529
158289182
688729350
978609223
1024151356
1446448487
604641282
40332149
1987273998
387674386
138744350
1515195711
1126002273
1531267398
923813177
705908018
1446838821
2017157736
1283279363
1162027115
2033722936
1568351027
909454136
890120976
524253215
1213925220
71334433
1412565834
387002162
1483291210
758854524
788757774
108672034
895438679
573784621
520832036
124937572
1565738595
824665921
293147511
1662721544
1264593269
1981494799
1682309987
1364408145
1965953651
1444887372
979312699
256729898
861023569
925329959
1191927643
1157914730
490874643
1112147541
957905921
1534864447
846138438
1142455835
1277106790
1863671645
589845032
121378316
943353968
1916828212
1547717961
706179355
1950165526
2100036668
794973225
52315952
1328947818
460525142
964494941
1008564033
577723201
675701514
140185702
1327583027
1510897429
1260809564
389682194
2121341995
38605621
1064714318
907354726
1598690335
1764768064
726554126
1393443100
325718621
2018649146
410152535
40792614
1848469873
1678845745
926436096
1399851778
104874555
924940545
1365660253
1029965876
1164910427
1649430073
654455062
1210782243
1444814896
779699276
1344867397
1127828255
1999856897
908088618
1113996600
503599113
454847613
608460390
405223280
474301228
305806413
1063527694
1612731680
1917725988
1953639006
476396926
58548350
221523713
1784035435
973155379
1782188856
374816080
2001801019
1379467360
390621295
1531329842
1497314342
1669094956
829321229
388127058
371141735
1147355139
544683872
2117757224
192248427
1982085915
588128855
156510759
1965295124
68841536
1595036699
1918973007
1613982804
1315852047
1752582229
204097
1278161740
559104266
1645968407
961112869
218526800
173680936
86469909
920125
259405342
507988772
1296002158
1377242428
1849754917
1261654021
1511348782
36979772
388442972
1379670288
1568498946
1818263149
773002314
1618676275
523008869
1795694421
1141910819
640497239
52708921
1563430700
822819692
1281759296
1744899590
811538811
1296004629
271128406
1517250358
1781147941
319249249
2049389848
896552211
859508489
1846754609
505109357
824131597
6103341
843808277
1681226017
1111837490
457117274
1263485771
1697936170
2034713411
994837881
1545894714
201742879
1730367007
1445554723
1023758143
508894510
354703104
219350061
419897122
173173032
1884317224
1702494304
1566796138
142158862
1366719761
1678049573
760900162
525885227
426072373
1044060237
1546680601
711274293
1477800708
1531725059
1797536263
1731071295
1970477317
140144898
645293625
1515138839
340550728
1951204110
476597576
776232969
929183245
1165099096
1668835174
1295715442
1264745487
1662744950
2032232550
1731016243
390618921
2104631613
491399023
1803293773
522460237
1312500777
1518014559
677262926
2002460951
912484637
410670716
1646213443
758672388
2016307515
712129629
242833005
1282172446
1059459655
1012338986
1409881695
24182841
338447991
925307433
1412136301
456015482
679347273
1366979334
1129282587
989921331
592974607
1747726347
287312252
1346976581
776347909
288513120
1714691142
1163149569
1165252637
1635408233
774526746
1045304375
1459764301
1282498834
1377261676
1479353111
1646286375
1429880678
829299251
1260663387
554264938
1500846698
1225865304
372450636
1225144067
1764568184
993415011
285820477
440943663
343034687
1684280131
275735062
120157954
137252705
343806586
1230987570
1263346523
169827931
292375333
1377378856
372669779
1398099717
1311005975
1931826220
1426392433
55075599
1057830988
491801714
139927577
1780893742
1276003942
360472924
1719303763
2068321284
288644639
1663913551
1281325844
2065197096
1414551645
845893692
336422679
1413892910
1683885629
963475781
1465021505
154224220
375806976
1666006541
1114795059
1817847845
891447162
454957098
1143104811
325403675
627453975
389687810
839282949
74520928
2052271373
138625547
1199130892
475487768
575940138
609109354
1231100686
270944080
2104192780
690830419
486743380
1667502155
438716277
158891012
1614024499
1297560667
729614418
1011954275
690760791
997275915
1684013384
889917798
678717004
119079776
407075078
1230843756
407783442
509294370
355100969
674441552
706093096
441132552
1933785135
658578729
2034902537
1141658485
268700954
1090914388
70987594
503595622
206179449
1361906474
170877740
555044222
755264831
2070238510
1802053940
323113082
1863336035
1998935071
427629130
303251738
909931338
894980470
54673007
911431480
1146031453
2054584170
1396459047
876233282
285213987
340545792
1950828339
1213204501
494368592
2019568455
1145320995
1998743595
1030384153
504692829
8068898
1247698440
1565156164
724194878
1545756266
1544057633
723783183
375524121
2622310
1912668482
622750235
1953784680
1880502595
1915905298
1328371741
1047622718
253260925
839670579
1362624619
1530605393
141126746
1532523868
712527913
1836207368
1909876
1344960293
1044211808
187057510
91909690
1446319474
742727483
1903308110
1195080819
1345791524
170424663
69873195
1714553898
141061720
2119262794
273030778
236807714
454959695
1762871553
1701910319
75313003
876221808
1797617465
1663456092
1819703058
778246242
1528506673
1881804032
1246062130
639638636
390012194
1816820577
1952725864
1596597103
1427319580
1444347910
1345024339
1511129101
1561468175
53753857
1396509547
1129332813
676739107
1833200243
50353438
928141676
151658864
1683174177
659428158
189481564
24989260
342429451
220752713
226126695
2116578869
1579106323
219508032
1177887296
1382494756
1263417909
1348031008
959999780
1295216923
1325474583
1752175919
355487510
838955264
1393768790
1880035172
511208708
1546810386
1762871665
742927134
1359377677
168059516
407792713
942023990
707146012
1698700380
1179939361
1617629244
1430389514
1463622244
825497433
839473530
779362101
371677805
604006404
594938744
202773359
438380359
1367106159
1362977599
624978266
1013973285
1194032733
151607631
1915058035
1935038497
740628749
979919415
1745828362
306208636
18163317
168259348
1916481119
1601660954
290078557
510925587
224274190
2100495135
678758758
1164922389
527194368
104473907
1090923780
1177616426
778126691
1682859620
1782267977
609961791
1719022687
220739123
657082945
341068295
961563933
906919543
292165711
710951999
1850375030
2030729081
426540131
141917227
206835259
83910458
862146360
721704198
956304725
561853504
1661161044
475340051
1092098907
1800868644
1730547227
421141855
2100170507
409753883
1879857751
1512775703
1544382028
326317346
1249378579
1630238590
1127966767
1718502014
909659262
1898865250
173368917
824719942
1615222833
1733064206
1364607061
1866024454
979072125
74385685
1500323408
1712010500
369177470
1749895239
1964062271
406212657
1920415560
2064458100
225446183
839461914
1934192729
1766751021
1711561330
1262625146
1091658304
527852342
929900413
423840798
5646175
675742783
124539201
309623903
101739598
1063155062
1096758103
473636418
779451719
1716206614
241192814
1467833357
1209336676
440493650
1464097595
293083935
660216090
640765534
1513892923
391725678
1327456782
156977175
873600781
759112733
594298655
1501237546
959529269
1447050771
1818651509
40256009
1803117685
725491058
1731072846
38890575
1936216639
1863206146
1681093719
1483030106
1949052484
1107763206
1646011234
1751786859
1061622571
20410647
1041447723
1886545751
1730748960
2020411458
1308720745
1417350500
541940068
1667188588
695339814
1999578921
592459033
1685546361
824261672
151652356
1803354392
923274585
510797397
238974838
1952342793
1577856000
6764345
556669712
1915492620
860118391
1113479996
1581254466
19353867
153905926
336605044
1729570855
39542895
728787781
1158481777
1578907190
306335753
170816827
1098318407
56187414
375854093
1544627462
1241597545
1248158568
1649279506
672792635
40907520
508178728
494812950
524441381
1499753744
506229870
761987434
2049985809
2017875521
1044869990
2083141163
1445559665
1245203488
1498503207
1902928454
151470122
54795815
1685421340
1429697125
1127373876
773202528
1410414642
1312057191
942870880
1047593824
1343489148
1399210345
1444938558
591818308
974544403
376721749
690173499
1634365748
1380985864
288830815
2037909568
1563388755
453379851
758321512
1850943528
503863590
491015990
73343843
125174799
777143048
990537526
1263932282
108140091
1913915996
1665553255
845294151
251749997
573702941
2003261499
24458257
158165041
1111183996
1915763475
1862938125
894123798
1344694095
1801742173
1079642729
1297117469
373822290
1043036466
1450473338
1245843822
828905748
305536026
745023010
1731607117
1182162212
1349124370
2066823783
755657555
1298596679
271273018
207646255
1024726050
606879860
1359302952
1261247799
1897489720
1779263274
1410812522
2003332185
779177016
1884882493
251992389
2030503195
1431257174
1499010323
2019955979
1815942265
2085774456
1465863768
16793678
1165694733
307253879
1181290581
2101356073
1583509066
1313683790
106184986
1081635405
252248901
907542786
1867863120
1515607369
191131446
2117876011
724182081
539499388
1963918168
1225356641
83982931
90057739
1665678412
494233907
1127689576
1695766342
739794444
1550393682
1075523102
1564222831
573863020
386611300
469988453
827001654
1447571792
2036735245
1342399348
536941679
605641516
1427442487
1549408296
1366979359
1048065555
1446266893
1346977654
1461670667
2120692788
175320076
1598772328
961957671
319886187
21768807
1728715097
2000637227
405559073
1886725976
1846158604
641891136
1896709481
123299402
1970417207
1465402629
709305396
889338408
72625498
1196558637
440882536
1011751506
1109402965
288049466
1028528654
1694986769
692609344
1499800066
270025486
561846881
86401883
1549884496
542538858
1225868111
1232999025
1147406174
1248140158
806951802
1901989498
575084802
444353047
789199635
1784220953
1984774198
645596271
276125223
242293855
410134017
1779779143
1466119737
1243103551
963406339
1549760573
857492017
1901927012
1813539928
841750544
1363681657
771912549
410519119
1158378831
1025924969
2097553173
1833904482
122759247
929192723
858271238
1383927352
1817011990
458718763
997211450
1699488610
1007497984
504957028
1880896870
844309295
1377634821
1781349748
777471769
990062629
1801417263
2087547927
22169716
1146687323
270491685
709319762
1073821224
943333147
977273698
891952896
2064408643
74213946
1064972851
1309690425
1025535769
756549918
1669025562
73222255
157835336
336211288
224483847
944533554
1948258906
1125791862
1986926960
458251342
1195318327
1198529811
1031231355
220821817
423768637
544943471
224940891
2086878274
1633556843
1879770987
504316262
2104958820
236323927
305989431
1162740519
1887064617
306200427
191236137
426981401
555043891
370213414
1232952583
908356371
1561555504
1315068792
1325878118
1634285947
407253875
104279623
1684674619
386406207
1281704571
170346080
593449535
1530474595
1594242324
2048871786
408376903
1227971155
371330836
1482892412
644614154
459362661
1714488076
1532039263
309265527
1244157815
941425004
1381787741
706309721
153619758
996352592
1836722997
1668832357
1812683374
929890617
1031491946
860976746
772765762
1615884912
627849751
1112875035
975909466
1011949620
1595762203
427636280
607915862
17248080
184750450
1393045274
289877874
270217057
1632129642
561866365
342652246
1800221760
85925716
1845918280
639777370
342306680
640771433
1060708193
1678581064
124335402
689776678
138219373
1549807216
105143396
992757528
1309606704
975195200
945844855
1515137127
1528589353
1040719435
1650608224
274611542
1128493168
1413307731
2119387190
923951675
927012112
1349413191
458298179
644619808
1954433879
963451732
1464947831
912280955
474231043
1311076395
1191647237
2055018012
57962100
302396168
1191840818
1545369121
712468753
1295148091
2036086359
1985379119
1966950927
1947670862
1379480909
1409555750
1916088071
1599930949
308821860
120464759
306735983
1198333446
4790295
858421275
442989676
2097894933
841563745
356658260
1682976079
1867852044
678035771
70795787
1949659258
134223629
1227969128
1077169533
1095507482
357378316
1361383791
1131303498
18098774
120869244
874922293
859319383
610888007
1786456649
877148682
2051409228
2052072974
528181570
1613439271
1448896038
1931482748
841101401
306850590
930034739
271668310
1295395335
290658172
2030446195
1912874082
626208371
1124873267
427384184
711925795
857360924
541270557
1697651725
1249468214
1009857122
990658560
288717324
2102415983
1628311831
827143732
1646229358
1081437709
860037400
388711682
1764175397
1097234524
493508866
1245139288
796604983
326335261
91296331
1585079382
1230967335
773794309
392303427
1814112889