-26024
12516
-9599
17610
11629
-6469
21916
32781
13163
-30426
-21092
24325
-18183
-30634
3544
-4956
10845
29664
7372
22739
12637
6671
31987
-14321
-2174
8831
-26938
16503
12588
-816
-6367
4601
-6000
17877
27548
4508
14431
15394
26141
-16919
18806
32392
31359
-27910
28840
-13433
-14892
5612
-21436
-19669
19388
31433
-28039
20137
18644
7390
30727
-12010
-12894
8142
-25129
-17139
22584
-8549
-26360
12976
-9373
17201
11477
-6760
21624
31999
13142
-30239
-21277
24493
-17967
-31329
2742
-5103
10539
28926
7003
23141
12068
6792
31389
-14476
-2610
8705
-26872
16890
12524
-1955
-7166
4273
-6557
17980
27799
4687
14200
15170
25725
-17025
18318
32065
30524
-28230
29453
-13727
-14303
6015
-21730
-18835
19191
31327
-28025
19700
17790
6985
29875
-12472
-13310
7899
-24963
-17912
22849
-7990