2684616811
3560964096
3695181824
3489685504
3623878656
3493855232
3628073025
3502247936
3636461568
3498049536
3632267264
2415919105
3225419776
3359637504
3221233664
3355443200
3233808640
3368026112
3229614336
3363831808
3246391552
3380609024
2417754112
3235643648
3369861120
3772514336
2415984640
2550202372
3225485440
3359703040
3221299200
3355508736
3233873920
3368091648
3229679616
3363897344
3246456832
3380674560
2417295360
3222609920
3356819456
3759472768
2416050176
3225550976
3359768576
3221356544
3355574272
3233939456
3368157184
3229745664
3363962880
3246522880
3380740096
2417491968
3231187456
3365404672
2417557504
3231252736
3365470208
3768123424
2416836608
3226337408
3360555008
3763273744
2416574471
3259629568
3393847296
3255435265
3389652992
3268018177
3402235904
3263823873
3398041600
3280601089
3414818816
2416640015
2550202368
3259695105
3393912832
3255500808
3389718528
3268083712
3402301440
3263889408
3398107136
3280666624
3414884352
2416705536
3259760656
3393978368
3255566336
3389784064
3268149248
3402366976
3263954952
3398172672
3280732168
3414949888
2417819648
3248292352
3382509568
2417885184
3248357632
3382575104
3902668832
2751725568
2952790017
2684878955
3560964096
3695181824
3489685504
3623878656
3493855232
3628073025
3502247936
3636461568
3498049536
3632267264
2415919105
3225419776
3359637504
3221233664
3355443200
3233808640
3368026112
3229614336
3363831808
3246391552
3380609024
2417754112
3235643648
3369861120
3772514336
2415984640
2550202372
3225485440
3359703040
3221299200
3355508736
3233873920
3368091648
3229679616
3363897344
3246456832
3380674560
2417295360
3222609920
3356819456
3759472768
2416050176
3225550976
3359768576
3221356544
3355574272
3233939456
3368157184
3229745664
3363962880
3246522880
3380740096
2417491968
3231187456
3365404672
2417557504
3231252736
3365470208
3768123424
2416836608
3226337408
3360555008
3763273744
2416574471
3259629568
3393847296
3255435265
3389652992
3268018177
3402235904
3263823873
3398041600
3280601089
3414818816
2416640015
2550202368
3259695105
3393912832
3255500808
3389718528
3268083712
3402301440
3263889408
3398107136
3280666624
3414884352
2416705536
3259760656
3393978368
3255566336
3389784064
3268149248
3402366976
3263954952
3398172672
3280732168
3414949888
2417819648
3248292352
3382509568
2417885184
3248357632
3382575104
3902668832
2751987712
2952790017