44569
-2497
-131737
-27958
-54166
40928
-51398
15357
54019
-38665
-55365
18555
24352
-31667
67414
43182
40262
14421
-187832
-20528
66097
-77082
-8343
28928
87151
-138257
49822
-27662
39286
41652
2015
8951
44617
-61019
32670
-80852
24277
-61681
50257
-102358
-21651
70500
106944
40829
125853
-83143
64821
31899
-8749
-69365
38502
-23373
64606
4004
108248
-33021
73504
-12820
-45868
36972
6511
9303
-57368
-48772
-36642
-184329
-86478
-111896
3320
61389
27702
118377
53093
8112
-5405
-78963
3781
-44953
23194
-37007
-72805
-20112
-32303
-45205
-20743
-47903
155501
-16697
-12898
-21085
-65526
-110916
128266
-24290
40523
87033
114498
31992
-44214
-8885
34525
-175
-76335
-56681
-7837
73835
-18428
24702
57263
40635
138057
41761
-46515
-7174
-31926
-60369
-33976
-12079
40089
30036
3144
-7167
34811
-41507
-95763
25298
49182
10969