1826412183
2225786858
2077673654
2243808931
888896143
1711758773
2509376828
3018912322
1523951275
3652477569
773235633
2974751973
1406547916
1739925633
2958802620
2626088322
1128109001
706936059
3523674993
1764876551
908441256
3570346547
3508313439
452058912
1141562445
4138253049
1988105606
510901891
1269285714
365790558
2422971821
2925588669
564341340
3111761926
2184388045
3051193470
1121745495
2370789263
2734071503
911605936
1699716949
589057523
3661125345
1619081488
2847198378
2527749690
2610079916
1187720279
3773692895
1669020035
2634151934
3922259658
1598984509
1234389186
2498847559
331386518
2592452259
1152412868
3326825763
2273811565
1201998936
2639755854
135580107
1367036995
2861019093
1921872099
2101326661
798429926
3213147849
3843248832
3011562443
448102713
3728231355
1338555549
1298232512
1746823528
1869078416
1127212903
2374752684
1609078542
1552987880
2630211280
4200425393
3584274315
2476515114
2256844731
2185500746
4219403279
541703374
3998200464
3817258538
646023320
2442363616
3748521968
974957744
631381752
1928037377
1543513397
2121575632
1064012069
1887898046
4291147097
3004701452
1115938424
2686945547
336046351
1388975096
2052068562
1728191611
821898206
3490666922
1503601735
648611559
102840751
271938380
3838079575
3774402090
718754918
365093399
3548201443
2695025444
1739020143
4183670682
1217799122
3143582984
1114042463
3932783209
2528014715
4106180367
2698229564
897127887
1266725833
4114110530
1049931195
4070333824
1346073805
382648299
2314130140
1154653281
635120602
1592192345
3236839259
622018064
1388233849
2298638694
2652213668
114439659
3819361255
1308122703
4047635053
66942990
3948343637
3480799422
4137805257
3429541431
1221800880
1548440877
80870359
1047192476
646591834
3223529804
3048874830
939146913
4047933281
1768921229
3467236228
977591800
3685637870
339421918
1029068620
501101012
2752960869
11441784
1620437473
1605243165
454047847
3272875752
1839740167
1599609907
1822284994
300148876
3957711464
604181971
2873911344
540285932
3633758488
2236128916
1439443726
1535693648
704878603
2725490748
1941404352
2296266953
253003134
307139653
3309911269
3744286927
2559077509
3673303341
1682724498
684667259
4156419628
2430807364
1527253295
2089025861
1151637847
3105605375
2662756550
630445154
365734768
1439677289
2699753074
3632064985
43150018
3063333309
1470906046
467203672
36068410
2896455130
3313866174
3837406973
3749065318
2818837178
3702784628
1133563675
1090792370
2548721538
584116271
3663842291
3327570802
3503005852
71587283
3016724714
2027155800
2344164728
1013296445
380276277
2641055491
2752446052
1850167683
3176837164
2199005734
2948023487
339185554
64140808
1627186241
1068243318
2182304519
1370467347
3419369888
70441874
4016566823
3817468724
766426421
2941003071
501373776
1965169942
1453880814
2248886968
4149709532
4193113385
3264306131
3231603950
2480731523
4189190277
4241452116
1272159197
2644208422
1703586925
1081118627
2662441939
2897031616
942698695
399310828
1297262295
3487978781
1159972419
2955184591
2263718827
2720064824
3449776102
2431982366
3494002694
2734751762
2665856404
1879374351
3875170617
858782935
511619919
361514171
3903615308
4094653682
1669078723
2445900572
39590644
2848607853
1757909824
1260811604
2639681154
1919794263
960534115
2562477414
3390832149
417139857
1076080988
1266994779
2664768135
3698588866
332018892
2345123855
780703141
1931126817
281313989
480903204
144432425
792486424
3102809224
2984001722
1746674114
4046154196
2079446836
3803324776
388975990
1635418569
2877092862
2846144626
2228864875
392916729
1951504644
4027969773
73061508
1695940439
4121265100
430459319
2878909520
504077385
3226963433
2072485
4155843107
1215916943
1914715060
97220143
4243351801
2780324243
2055368582
721275417
1558013985
997840440
2519695621
2571833045
2864241912
2662109385
4257150264
2330665339
3210418980
220992559
1194697422
1397394184
2929255519
3126808689
458811415
2749677809
487767105
1887335869
2405774760
2704902947
4263836578
680810016
2843547367
3370596708
1248089256
2524818457
993626598
3916941107
1275706371
476040373
1827913880
3559193256
2019432087
2124471368
799149272
3895442205
4237359095
1297046974
3049952258
4009272947
3844762258
1153530297
3287168317
585363871
2277762942
1431502132
2040990283
2665477714
2062472736
2072905613
1816273725
2742599084
3351503303
3594232052
882628923
3402499951
833057309
3631380801
2865851251
728616358
1204379747
3458907619
665704952
457419912
2921585860
649342521
617056798
3980473008
3324183873
790904148
402028352
1581459186
2105146132
2659491245
2109075915
3325650093
3094453444
3491588603
2083709067
1374152322
21282135
1437316168
321309513
2073362561
3985867825
452835069
175162027
1226174679
1583710751
873669262
2007415582
1470910974
1478688182
1176652543
4183518712
1191446917
3627412473
547767513
4116374511
3575625930
2619180520
559186543
3123970444
3288310057
2823461553
1201966102
703857537
2702498402
913973683
63721492
2879729156
2486869394
784597245
3326195198
834198461
2953283626
1623790759
2181045487
3586969612
4016651673
1008134711
1642358528
900209110
2706579584
2857530482
2514005030
3156187960
4268984862
2795918035
238803955
3267484158
1918370360
69651354
4226252298
3404010281
2373005564
2962900020
1487233743
1930816367
3842287904
3307613779
3128803524
3330101420
1220990259
925304265
1990703781
2538167844
261571849
222882958
3796947344
2884461957
436415143
682103822
488282779
2770847332
962668331
2851350620
502878138
3932895817
736866911
1919621301
3146024615
3262072453
3247375273
998892498
3564899056
3624950281
1999226267
3418806228
1975554488
1198511674
3913821821
2082864898
3124498722
1974447750
3345828376
3824998575
965212099
2656578761
3071612843
2515179513
3709197520
2574891549
1218008254
2351197393
3576666421
4160509494
632997355
3937060539
4020474831
2665870773
209025605
4123180971
439955828
3917925764
1509723083
2610796243
854830676
135495171
220832195
924508229
3191635506
3354832989
3010637455
4006143960
2426279663
1102968027
3088309163
2337420709
1694455821
2782699534
1104895378
2259599349
1490469843
3045076784
45161415
3662411899
3476026021
1693899952
4256762685
862303836
487830802
3436905633
4118190251
1990647785
3741254692
1277414051
2285947900
611400214
3408175054
21073951
1134019354
4215504251
1140778345
683015496
1631907181
4190419399
417585671
3247967276
2061555170
1691346459
800857063
1134248495
67340318
1011069551
255984611
163721654
1417018637
1185477864
2344784283
1876289974
382327633
726191589
2068106005
146529203
448303646
3670145368
656293372
3288371717
659960022
1764701090
1009964199
350390761
246458702
4193724595
2233783623
1108953753
783759953
1162778599
939724144
4076148573
2269179066
1844375429
3321040444
513753532
3059144112
1579965522
2468135956
1220573410
156245191
3588026170
4175435922
800380183
3999100465
2644701322
385827778
534463281
2305115364
3683437130
3442302485
106427518
107445166
2457494270
534639867
1952222877
2694924319
1611573222
488366159
3636371627
3621658449
4014629629
2268297356
860691565
2211927857
98172681
2472298075
2088277749
3629449363
2916243130
2792621104
1583949166
4198168990
2552605149
3080990059
2487818180
3077898243
4026328051
1854645740
1725308968
2676576735
1382051324
595706716
3917561077
1457958695
3922725991
763460893
1594183986
498914661
3182424478
3158246755
465072065
3260818259
3111493949
1094985524
1184300673
4235381674
1819373424
4076834064
4281781971
3588572662
500158736
3831715548
423320311
697757884
2072543463
3416263110
3538983466
701094821
1771167912
3580360120
2197433159
3225021316
280384006
3739867306
2520291075
2763619007
2232033064
1118224338
3426111799
726321991
2649409132
1642558857
519302424
415519918
2550762097
28526986
3416545817
1365083654
4196815542
2878729054
936874867
1997162217
2749767534
2894329438
622000154
2947515014
3047070277
2868625207
1202481534
3740363429
3643428568
2800351863
1486985963
3037202150
1163927229
2463295819
1740353982
2155048973
3536390182
245490890
1811042375
744168531
1518123156
3414343672
3515344337
3125380461
3269594468
3943255232
3389877231
1037912479
1518172667
1298709171
1189568554
4261700044
1227722159
646032036
4264960378
2158419693
2161493384
1196678512
3496825970
3694053950
2258856730
1451752245
475359956
1581573833
4116618249
1493274733
86212225
2831626484
320909495
3892162485
1703247269
4293292797
3433332805
1722516611
2957692741
3727644668
1664399221
2687647636
1234867720
4011786173
1862544325
3426893977
1734355566
1021432937
3832135096
783170681
689702069
3959058823
1895885699
1262451274
1390683694
801672432
3593860900
1430224585
220618813
1049664910
2751883817
1800442962
1983631699
1361509682
430227221
4208770724
833486215
2330423079
2321328883
1432129676
1055317951
2382076444
512836173
1973726411
2543501508
2627227818
357221340
2434168474
3052632948
873825656
1609332208
4287572276
155441944
999149413
1915510562
2697457422
4159689492
785965165
4045481612
2693122290
670565700
1090975407
1707644664
1143654382
3691668753
450242148
1097468076
1189977734
2564596142
1200164557
4292906418
745975408
4088525355
2264641578
3496516749
1598757785
1685909993
2833293752
2110083754
3713794583
1943824982
2468499210
4224139698
1115092562
853682224
1864565613
1860289689
4051393734
3332283353
848233309
1286241390
3192944268
3614838714
495781746
3598873236
3550162288
4118904219
547898490
3846780119
1935122703
3035393668
1556439623
3616301389
657336069
1778509030
4184175551
1845207473
3494666130
3145996970
217638476
1421257258
2733039050
1222932338
4134910632
4004280309
3531961121
1894146375
2180858206
4125016721
1031379990
872292313
3413119141
2203368783
727569979
413367599
1794364096
238479730
1519262011
406317705
4292825408
2266074634
3549421235
2675185333
2768396925
2314979632
2724566811
1414883760
3797003723
1172843600
1868648582
3965429168
2515392635
3746667724
3351215439
3811060737
688419041
3239629054
3971354958
2413401880
1511103555
2734090743
4277129941
3839844536
2857062494
2497925064
3647747041
2722689651
1962131786
1494898205
3039555424
219343184
2960828472
3408372166
1732728564
4210238664
898189915
3045328508
1203565242
3532897795
2098717861
3787797798
3290338246
2458530174
1259323270
3745811609
3236012144
1448583830
3062115006
1589478325
3707379476
3369952289
3597486127
2121607636
1230346764
2847034493
785351090
931226881
193346124
3560085236
2882459198
1038949136
3002740727
83818569
582671604
1322803484
1985577108
1555324007
1281918724
1616326049
4216790749
2576070556
2339939097
3114127691
132436034
695545871
3423445068
475843742
1816050767
1576526820
1679762916
2785774440
4023119358
341031977
494221070
3605749888
88916282
3398985830
1014497293
897819889
1256653
3945667343
788291519
479541674
1621183702
1910308091
3108338421
676540558
2786760388
111407521
1500939334
2698294081
3654611463
1319675229
3744453711
2737608249
55080905
2858899727
1934288386
4175287461
3568237192
2709691579
2858077198
1912232832
3161289410
3991164089
2411168889
1388308274
2619122455
2219476173
3533602080
320350950
3965048396
1875645072
652471170
2183758730
4073187237
1505472572
401058048
103395976
4061141125
2934018093
2018818990
2707879867
2156434624
4285613430
3729978918
544923499
3697041352
2447969856
3347913891
98705217
4240133490
125647537
3837518031
1872051909
1562085276
2055912094
2297298874
3612165673
3849698352
2083770687
2700505123
3913487131
2270905506
563820683
1471089935
1810375834
424884329
121430189
717586561
1717811306
2077014478
702260153
982794464
1725841210
51881671
3469656738
2883738786
2658047567
1577402581
3234290709
2609130502
734988340
3816621903
2824866246
4066252502
2116569391
3795142088
2542263613
1139274745
2633253837
2760325692
1469088583
1118762843
1382822163
1890420027
845843439
1998964932
2899287396
537093561
1774904864
766813086
654555872
1634516669
2835320873
2389536769
1775407808
697731654
4085833828
3635626609
2380434350
290100468
618606091
522971009
3200295775
420292803
715830802
320958399
4030172516
472627745
1912976005
229748465
1167018969
2538165639
2567820916
3237016415
3305258354
2956203260
488961843
3361161331
733065749
1292838763
121940001
1152830879
4227040292
4091324859
2150431748
2299815698
3393790687
2525340498
2828523300
340031655
3081169076
1590010691
3592002997
1424735082
894909040
793393275
160640267
317307324
309698650
1579881090
565143133
4006548219
1408433433
2103592286
3862701589
51767292
1403634365
1266781192
1651959523
3213737167
656205690
612982132
3211253139
290067378
1845606836
1719469248
2228169463
3863692959
2748349234
2833467486
1466854137
2211032767
2024754841
492742285
3690852054
4058693111
730070882
2623840030
3331888881
1455702823
1744012372
3501932658
2032587282
633433333
2423062775
3816002341
1026521240
806601635
49532412
2024753959
2641118351
900606759
3284172103
2884095348
1182081456
1234628139
3676102846
4018402504
4120395814
2890466614
1446609912
2089561379
1867440590
3699734790
1961722948
1633893455
837528003
3819699130
2322441233
305262532
1774973602
2220245476
3482191901
1021920083
3915101924
4878173
101100197
3469514896
3895124895
2464422342
3391700859
1791325593
2685540485
2032274059
238527571
3807918850
359610973
282533432
3019911607
3584437838
187098761
3849390541
85279139
2786458169
1823660335
1165010043
2790857916
1720428718
2205275268
1763589171
1495727928
3582999667
2264528335
4156841431
2256416652
1346854438
2262128541
1298791047
2322528560
1805673886
675034766
4199525518
1377089166
2515768480
583076244
3227013066
3162560224
1786438520
1733041405
4009725519
630316179
2198211389
1216991074
2387719693
2572551468
3977543114
1564817623
2607938477
2926434126
2563199512
2673808007
2019780332
103549087
4102746782
289426921
4106330144
839718938
364469803
3194665381
2870528447
3500570346
906188917
3526839102
3681564974
3089308589
1296147179
2047443141
3821897241
2906724794
139507736
2979163083
110800359
102450893
1826149960
1842473363
3999967614
1899634022
3953964450
1984831625
506886717
2190720790
4147263290
3338451366
288977201
2068285366
1009999721
3420295887
351081346
2589271830
412933670
3308528230
3154721051
413055153
2892121042
4105120593
3039511217
4171201794
3672133322
1547490558
3127237179
1077805693
263353183
370973123
3887137609
633187042
2402411751
721037044
701239586
2714117014
4042991799
3528882314
3688421843
2844828806
3814028315
2745650361
702939708
1776491517
2486724562
1613879018
2041156257
2771229853
3015423931
2684936764
151926106
1501335529
1586780601
275810240
1900233496
1461252838
3235061235
2036914158
2765348241
1843700431
531270571
1227628991
2256815017
3621221125
1533771196
1675817544
4033770189
116900145
3899971876
531754092
1498003912
1815369118
1218515165
3376421325
1889075211
2956368914
1122354417
2044367340
3633228277
1307725646
3089341865
1399459682
2158452755
2848681328
3730561001
3886705183
1725566604
2521584797
349221694
3437244702
1970505455
156034217
2492415660
351808721
2162236234
816119760
839050608
2898213556
3828039084
3129426713
838828439
737156310
1375002744
1023178045
3410594979
399170805
2253795985
491281539
3811031303
1570962308
579997394
186920018
4190925985
1709824753
4033907032
221882922
4197214373
4032564842
4004952794
133234719
1835989187
1188292472
3207427024
3394172592
1995560122
3200947520
302736095
1041153547
4231833932
858832570
4200397661
1370907940
1874492849
166716468
2586902705
36221841
1236362522
1669925355
1658818683
3807354303
525371655
972876323
1354934307
2267957478
4102302554
3904443695
261344459
404119750
3334496949
258103082
2882104856
2320011959
2214723818
2547250409
3433226517
2055393816
3097562633
158296438
1879112003
3239066700
3984135910
2789181512
1441939773
2070169602
3369516799
4054023669
2374707532
538128805
916021852
3354061502
404327723
3778097696
152628990
605499917
3029653732
2333168523
2911211629
804745780
550581754
2502000055
4013689991
1259946726
3746353751
3886545684
1499375554
3915260818
2259111769
59813521
1282715912
1553479385
808658236
3130842730
3166317906
1406759893
3043626502
2488668386
3678974998
2227413794
2486790402
3499175168
1498989793
3918127045
1778134910
2424810841
2241422339
343497546
719893612
3811745067
2399389909
1910840002
4158888357
1448797721
4288384905
2091166865
1333121122
3980770636
284259990
1600254947
2718281152
429922022
3605470424
210981044
1448761344
276930544
227326943
1976749599
872437153
39814265
651202933
3734497046
444450569
1824004047
1717443443
640744631
2075926971
456149880
1416165662
3019894039
1513101957
1594058813
822016010
104703996
4015333131
223317846
2703244429
1310863243
3838248701
4080921925
392401281
1504680133
2049449114
1101160596
3850676722
2850426768
189898756
3109599419
1258576667
3950187850
1616176283
722032731
2209707658
3252703336
2795352031
4004429200
1935020058
2624404396
2596928131
3945761497
1736675179
1378199040
1155920699
2609224358
2187015333
4207070076
4209954408
1822362229
799972423
2242084887
4077964289
952735395
1667978734
3894551966
74588773
4197208398
4218655744
1732737159
3216768234
3858614559
3350883881
2749355315
4271089061
2834763346
2285413037
2061324193
3470690373
944518595
2878893620
910927583
529473921
3478360533
4007647344
3377624534
1487337006
1613592902
3402465585
886016412
653336685
3500036917
3862735986
3883930200
3396252272
3453442121
2939406690
1945037925
2973487065
566111334
4018796325
2306625627
2788453635
2359521157
1152093249
3056825692
823486530
2048652566
757866749
3276876425
1926384404
328618132
2269766332
2797110772
1573304450
2590495971
544962097
3374279970
479409154
832546869
528880202
138969128
3294986548
639194234
704128484
3772722818
2218742396
2422544254
2925459469
3215024633
122230416
2321745215
790161771
3276256198
3200507757
2391445731
2795931241
3985158318
3773855348
424307663
1286751586
3177547634
1895267368
2190762186
757833549
1706040358
2430789056
1083079331
3458660762
1087492619
1023759211
2158309217
2093643295
4201900882
1112337355
1248455581
3390968270
1942406912
666572789
3175022948
2872443534
3191521461
3477723303
2891359935
148483065
1275822315
1218019649
1144623975
179474503
1320096252
2787531756
1657497303
797649586
885959065
1027552056
147982452
3298558926
2848012455
647533815
3755909882
2536569837
626829516
2530261443
1571411266
3308539062
2924470091
820914196
4294059978
3475836564
3149852180
2477283121
2902344835
3332109129
2325749991
1046275398
2004288581
1475053772
2655102968
2186689403
1389768842
3959156716
1579537957
140873978
3934585467
2383161091
2729228614
2554235908
205789807
2637526579
696842087
1437946585
2464041702
2277946034
169145679
1915327568
1793460470
421529583
1704362781
4266461101
3288925701
2449845573
3355047650
3094586291
2169964035
706724774
2532421468
3542388411
3158188179
3783738423
1687976998
4282649333
428323085
2164392040
2715837824
667067563
2781147014
4193453371
4175467565
163329653
3855816594
2412657300
1825589660
848929641
2269032026
4248532156
2405382681
2294040381
4081880994
2887385195
1911790749
2011568932
3851584048
516364156
855266256
888868070
2670789837
2631658097
2251494251
134463477
2734004487
1555950734
49884849
2633599569
1092737889
3736541130
94346962
3187211034
2212274719
2589462383
3898610694
1508582941
2415648569
3784509357
3351421560
3992350068
4280450019
1122450200
1919267904
2531832280
446851388
1775602735
1964961159
601512105
911271265
1711802175
1331002553
4070789060
268235515
3407082560
2820630470
534768294
1600651991
2226986657
1472813210
2699385072
816147708
402975300
3632733273
1385675007
2754977725
3306772187
4213399846
1124004461
4259611882
375860287
3956441856
243009793
1108078626
116563786
3022109416
2962736866
111742698
3778589192
4238209704
2890107813
135872663
3662698077
1112852299
2239900986
317013985
726485094
2516730281
604424870
4196520300
8516319
1715682620
149368176
4086375881
2845634119
3691537695
2941296200
1546900394
3297239751
1952901789
65755335
2526682074
1169308236
1894074140
2926928868
3838956335
1214837697
3471422212
627902593
2955889596
3416920683
4294640534
1513950275
80164046
2118612916
1935855753
3490565371
4107233767
3819674196
2316402186
2414610812
2768090721
3023033054
3739070085
2297587649
1950964811
1607840611
4256001575
1572958204
1210419350
2741251341
3196662457
1669662132
4137178106
874478764
2172080061
2996202780
1923804444
3040601579
3304345758
2268162684
908569074
170312032
3205306426
1113068396
552512537
3538679124
1550553901
2964173501
1611205323
2373658122
2598222597
447875318
563011370
1065373953
2487103448
3662050461
791302000
3471632583
3571473171
3661624471
1822128378
639585079
1597514345
1235913414
2409803035
782240694
3731322564
2413342894
1192120830
3535185124
851717516
3378420983
90326492
3212659130
1593028541
3706065594
351379996
5219581
4037179286
2610867000
2685953327
3770321947
2093689064
1621228880
1040641359
3611266266
1374675726
2873066507
2015658172
3840356773
2771465510
3676940092
3743918467
3817194650
2545873203
4223461809
783534863
758171529
608081955
304058728
1790739600
1136328798
252405992
193887346
62463227
4276004519
3910610667
1777354917
4058727244
2837300677
3432737718
3829711779
2261485175
3305909171
4205137076
234970172
1134713112
2252054712
3524796250
2978553908
924302984
304595660
109292686
4274049783
930654697
4273613118
470483819
3361820922
1527031510
1404650892
591664569
120819932
1999896348
94473841
3745911053
577672716
2442024358
1096227612
681278611
3157543318
3972424380
568047052
3900621403
2305141981
2442757742
3415817752
2997091730
434915754
1782956375
2181216626
3035989436
1273242112
1873479428
2889765721
1133227379
3532127872
1571661202
1069848618
2669293859
3472746927
2867488670
1866752839
1852069258
101728179
1446934803
3410777147
4116358182
2580987504
351516344
3675787613
4215552336
3825188073
3399732928
2066889863
1938668658
3573959592
357566982
393573144
1886714208
1891317438
3453614814
3094049100
2037436256
686348423
1902160340
246423899
3168370810
127217568
3188267857
2341181718
3862786001
3712074446
1715445533
575164918
1558625854
1624820829
719494212
3910914599
342707188
3183409975
1802673931
2587064847
643746723
1718013667
3932301037
59178159
3696522561
1664557262
4044963982
1657832180
4257777000
2354779697
3219781916
816015249
202042544
2293952529
4203131554
2419073761
102153328
1369996532
1744909197
2962367110
2569261240
3610138047
3722275519
228946363
2067897339
2914621509
2372728890
272373048
1979104285
3702557565
1988952263
959921968
4234958920
1169148419
3388146693
2051741758
981951570
1058036696
1681684606
753131525
1552427429
3319208752
405432562
3024186439
3790063916
2130529629
2843211534
933636186
667805163
1836046147
2147605789
1638420973
1436775491
355429098
1074217137
802727847
3487407486
2327928667
2472310471
68027693
288712511
2068869387
3265652596
3474994902
1895247298
829997023
1215578581
3908666640
3081473420
2357210467
2721640889
3722933388
2816526641
1737617952
3176215951
206240514
2007187485
1500937757
629961341
1378628864
684151003
110480466
527604878
1238822649
1847760921
3412706635
3033734695
995374208
1955013593
3277272939
3036364105
770898084
102113579
1032978612
4112354116
2617474718
2218900391
278060904
1819603613
4008456496
2094393542
1312687254
1752287554
3166794636
219835983
1747683205
2653630989
1790447420
3843271171
1047456312
1452217540
1487965930
294494520
3317397802
4045353686
1192198952
2370302632
184884998
3653756413
3009274523
2495218677
2580654250
942858482
1497601524
449578579
477765097
2183599789
403595531
1013712599
2894312612
575674436
75642689
1459769710
3569783754
2465268304
3445018636
1859973507
1093741718
311896483
2401364356
3171869771
385471386
3750019548
3237834975
200739263
2290570151
3991538693
3253443073
884148499
3643821799
3332304914
2122972771
3522078021
1847643029
4056496529
3297894785
681463073
3300639011
216984333
1804161397
3048959308
2790399451
3244107441
2429987168
2371541356
3287606457
2190904047
1712752497
2208336555
696746778
3450183402
4147067812
4248585734
444386928
1981658161
1645637512
1505107968
1946413686
3216625891
1526310249
1422872554
2961319590
4056647098
684853221
1327685491
55937132
1035390402
3292321109
1420107926
3391639299
2238218922
1499725578
1820031785
2253246958
1936219414
508663613
198923736
51837962
3005867230
284065416
3834489220
1001495004
2928575491
232085185
4084333126
3275665263
3500874251
2725507064
1628289406
1131966031
2869159230
110733345
4265981789
2068296841
473074575
2503279663
3569731810
254045400
1725969260
3509231634
3367151546
3241265123
1336975505
862834888
51670658
2005179938
721771566
4199072857
616555935
3732270691
2856929878
1355205436
1867813900
3776989600
2398844449
1044047729
2053210772
1884834014
1305516721
3431322376
2484987851
851011277
3168543829
1370837846
1684871351
1509136745
3116243924
2431895658
3679694762
2943131386
870920033
3791921817
1815235815
3595502702
1276551415
1028255403
462576920
445823734
2166388719
906043869
574885876
573244866
3692079637
586373700
3022379623
1263063862
515112626
1430431552
1976928090
1204220401
1936448160
2747046319
1710154665
3019885472
2866266769
2311538851
4006767905
3453018735
2496807506
2699604444
3314402878
1136222192
3885794715
1666252554
3514896611
3507762270
1205119202
1520111831
4121768362
4160576518
2688913258
1067141154
2773357964
4161747860
823821143
3084919856
3132137626
2538459638
1916847364
3087502262
4266364395
2629113564
1871248476
2367395775
810836761
372477813
635864827
1348000687
3757919117
556489622
3257681274
441866666
599191884
1951429170
1127474052
3897539374
1288335514
527099235
2085162487
3814851517
1095428934
2613073621
1778574501
4151439742
331966476
1535661971
3790152572
3736964023
247103781
2708105494
2039079507
1451020250
3671766830
1285064877
2481185092
81775637
532816303
2727783718
3668422135
77841864
4059289398
1939456266
3639735755
3931123631
2221702514
410609453
1391229839
3733490460
590386036
3222542661
3878983794
3444076523
3322708932
332276942
1258235589
830559940
2013736707
2344668518
3822538971
368763554
607335508
3984235952
4134370386
3266551552
2353704936
2533936376
3427650691
2655618742
1417241916
2734608197
1566847785
715855341
3124512343
1094277797
4050131142
2708631363
440194643
1948667415
1924859240
1441813553
206671430
1204309244
708689725
3980920041
3572838818
1084118897
4292735130
1855180646
3859997904
398543906
1307165961
3111349447
463820067
107796647
244213922
2293063386
158712115
2882418619
3050635240
2069611887
2262532959
345334982
141560636
2661455788
6074972
608261150
590384004
1257491641
1589086757
2840070346
3459512124
413789369
3124704070
2403791825
1786428189
770554288
1493762597
3606524301
3945326008
2781836922
3441843796
3795046089
1672645960
3357999787
2332375704
2127674075
805532803
882817945
1384950134
1115819921
3148504516
3077266058
2243761939
4245940494
2422122431
2983200750
1269544516
3408223148
1975449370
3757684724
1387697134
631763474
1686251719
2719182528
1342993457
3370283777
1085369407
954072008
75069906
4284480271
2042059945
1861431510
447367388
844833235
196671081
3527971042
711369218
4195661920
1441174896
3280280138
732727618
3075325042
2285437024
4047807060
3543693472
2092931693
2210463715
801671450
1126824343
4211216504
3254468543
883534522
648160128
1084202864
523313043
2320124036
81071348
4021446259
526683313
3179770281
3080452187
2960617759
3931809322
4232552886
3694479601
725543715
649805530
306148445
2909690243
1487335093
2638602874
3653508417
3465001927
2479369155
1614564061
4152629845
143323289
1792486209
3790630111
2206236922
797242513
2246594366
3464999955
3231556984
3409240906
3570468192
140230652
3529566796
1091267396
3955060389
965141578
3425182509
1849323251
3507589655
3974699418
1280192379
3528524301
1954845752
3786760525
3061976259
1721225945
1312345756
110681888
3438253761
2334452635
3541357283
3884051717
3933693693
3198440721
3270866371
3555180046
3129164897
2943403542
2406594920
310486816
1043124021
3841421569
1465721861
3554947417
3047036491
783479373
1662437701
3459158332
3921270877
2314909809
2714408494
1527102837
482423695
3729954411
1124858739
838058559
567534896
4055486748
203592434
2317631075
544633197
3702936035
2802646282
2862990855
844220679
1826355277
972492084
1688356974
1223350250
3037341707
1455579598
1152374474
105418369
1214534370
2605797900
2329843840
634948367
2604834564
2623597561
4042170294
1096266234
2192132701
3080498930
1520527951
447547619
1209078064
972635596
3013667014
1400741597
1483949723
171564771
3405193203
153261592
1361288159
1301289805
2593305603
1446130739
4234318688
3804826871
2441997152
2699684085
630777658
208356325
4007771477
3928289051
911644852
1598088518
2990890190
2877970044
2975691722
4208098110
2126922459
3605730230
1848359378
201839528
1450872333
1138158864
1388054788
1391885995
166095334
2424418362
1401101305
1592968028
858377853
721398069
2304044509
703643876
68404539
2517960484
1287550318
571085740
1118353181
751891082
737226155
1301995107
3558031898
480446601
1898406522
2235171354
2486033779
715732757
2813592861
1668254506
2173043172
462552361
1343500152
726883293
2649570197
1812878973
370347580
4245644472
2417834987
1028302821
2163527036
2920337026
696420025
2317856405
1079410147
607876553
2269745710
957164058
120334982
1089852008
3805096900
1146128119
3359129669
3203222798
1286768184
2194605246
3650549656
4026609817
2091476584
2528602452
3049011856
1983649050
741269733
2200228883
1240242012
296226318
1401106940
2531148474
1846708414
4234698343
2515304177
4244286120
4111614189
1268071043
1959310340
3784086522
2523405492
52632256
3559292469
1621479235
455392141
2465745753
3842036445
1516751671
4292612886
1764649386
424672738
1360080441
1287510181
2234555356
1619091188
2722628338
3583384334
449793791
3747947611
1545303555
2995122268
1699666142
38718077
3616283117
4018842729
2030792823
3056733654
2713426691
3815194214
998150380
1628982075
1285539028
2830395399
2973455758
3544944790
1645005521
923313802
587726901
2047653031
4202133384
954429458
2986062923
399595334
853074359
3878792430
3269175993
1076312901
2658774639
1541309122
981989944
1117078380
2907357821
2689324051
1420849117
4193322106
3291905673
3552391350
31155129
3273993748
3681868389
3036489308
2428958149
2923672910
1336317659
2213408474
1144358724
1572805015
2071658089
1720809849
3087378535
892598871
610635655
4182046397
3561589138
1959321194
3940993679
4238382588
4284609224
1323021910
3694500923
3495951350
521669374
2285167100
1942213935
3596331123
77444042
4276655028
1158379214
3851976332
1633040956
4207475128
3701000708
2705021240
2445192245
1199284763
1094814140
2535406539
2816129460
4101481919
2108409264
3141779889
1696332761
1660314637
4142896236
3050454656
1312366153
134946732
3646421803
2687157717
2735927371
2106792871
2464822908
1113008071
414101914
1836085678
4290493868
3408574894
783509394
927400080
2980630687
1503683524
1542846282
564071592
2706662196
1610886124
2849574883
1776188921
594164699
478220771
1977774925
3755087156
3072838375
1384518328
3335853172
67444135
953513358
3830850229
3115955087
76892134
632172081
1399539463
3761186512
3719633064
2081826960
637863626
4259132736
2039409385
1171576705
226932523
2124127904
1144400708
2730064820
58372610
3122115824
2792897164
158709817
4112777691
2729346235
3538553218
2678925029
469208361
1282903343
305649263
2587193931
977855455
1085943957
312426246
653599422
2301759475
2937744916
1662791684
1453875808
4123336354
3641489809
1471549746
242500704
786236675
2446990593
259110444
4100177548
3482131644
746629890
2297281491
3013277314
248828147
2525882712
2338987824
3632589775
2889597276
3507337838
959551346
1199221433
3086968064
193731458
867042675
1581893850
394327943
150578129
75274765
2432323987
2652059247
3885521170
2453026077
3014663593
272985562
648268914
3155057075
1901937434
2759137467
2522510066
2372487134
3657609117
1443692499
1028512736
3693684711
3657149888
2950382072
2705634347
41740611
2597715161
3861141811
2831090308
1851939619
3049148570
2275187639
1907794367
2694334006
207472022
2211896483
3743515237
1667774743
2481617403
687110455
3309243222
1707734933
3955726954
254553581
3313298883
1138808710
247790053
1653675644
186730209
2104548766
576727668
4172342893
920066088
2250849521
1064652645
4157811497
835307390
3558889500
85929376
4135770453
1060441537
2153010631
102775597
498043154
486461961
2232534587
974627353
2877422543
3256739896
34114327
1095397729
2786942707
2413879650
2747268585
501291601
230791244
3970770293
1967542228
2493200415
1232912425
263147061
169432625
3005492683
279817651
4155430795
3625427122
124405447
2468609010
3960325724
155410735
2487529719
3334456771
1432483385
1339608925
3040584685
2247778936
1464685354
3574095157
1802201529
260565572
1989749705
677318887
202092567
2391347283
254750280
171288554
466684593
1407890597
1601003997
3460990164
2877614757
3019517078
459454978
3861085117
1779485161
2485011880
1948851843
750379848
2595656330
996050583
261614038
1793168998
1129794489
1400783370
4115210661
3676279803
165350551
2502025314
906912013
988136453
3363694425
215202310
2462142546
2345220387
362341071
1377614115
102768522
4219826112
697029924
1403951893
1047066374
321605095
2476442629
2826598493
3407944770
229553734
1639877096
4024531667
3710764589
2892338641
1302456708
1181071881
3544176834
3061109876
3354270093
2089342935
4177109169
160123592
1691789534
3459043017
736783314
1466161299
3166446770
1234447709
1271643928
2226320165
351757615
3522637146
3450219772
2114151038
408535229
3982187580
1738531563
2251907468
2525479122
3842572719
2861839932
3397188606
205363086
1476993705
127518198
1852713813
3872939525
2932211898
4189153990
2771334777
3625753
2094614387
3308356069
1967539584
1556185849
3026993343
3183738652
2360079025
3699400947
2281138314
1577118405
703821071
727546
1068820080
3920107038
3303537670
2650046768
653206006
1364364659
3015903360
3133825226
1534300723
165307237
3232512134
719275263
1136875611
3369321173
1177650687
2837896197
1739740717
1146447081
3673185967
3108085744
4020995347
849019290
3378097300
22402380
227004623
1234044767
3926618014
4264385851
1197705493
3120426338
2557525795
189812589
2990952899
3943347171
2705911869
412920338
2267402077
1876287528
2631781929
303125648
910555729
2304702779
728831109
3443379398
3318279263
2734479420
2300848080
79445263
373887027
818197457
906086330
102323756
3360867715
983215732
598012289
4078987049
3949430174
838250224
3488960546
2580448679
1421648873
1242274309
1055297755
1840020234
1706566924
1838876614
3891694524
3345266627
2743569610
1090348513
2980462202
1970089538
2297791570
1274430728
3856098799
715889266
3955481006
3983252147
3947538900
3080109313
3598826767
3888485354
3005831759
3171095151
1546869171
1263583316
3262903329
3205726600
3769147718
1740642264
3803099345
4282992091
2429858480
2768346782
962684261
3996684424
20528256
373942720
147605111
2464647856
146740770
470710223
1455264057
3169679374
2749941361
285804817
4010989646
40822981
2383561447
2303170155
2196339957
2428534978
101530612
3879031666
487168581
521794878
1810591943
1643541998
948385862
3837618916
954991362
3131343657
3444579962
2589254772
1301418986
1656494127
724019869
2931160434
3591142619
1706197728
2297477536
2735399227
1785699457
3946014813
82799540
962854430
3545140918
2180241496
3977436362
1095128050
4204446537
860889489
866468683
3362111588
1855749758
2094279636
422932100
2561904136
1714482589
2925506941
3485679985
1747394421
2589567799
874230388
3450279286
4019925219
3493288239
2990414350
1512254611
1454294550
1426461094
3079011539
2518340156
2172222692
3355288794
270682126
3716592365
707620003
1501580032
1736684751
2628549802
983688452
4040680696
273714567
1701657764
2731046228
2232836623
624708293
1712671949
2408570040
1774302975
1795615810
189445275
2619570875
2468221456
2716743459
1616537443
1242896286
2963867584
708149789
1778368937
2232604215
855647758
4205415290
3853088915
337852978
2325445309
1489840274
3878464588
271201359
1995671133
2556535851
1472865990
928760671
955573248
2237018589
2979360893
72457302
626683473
3746664375
1753930629
3248549070
1405625488
140165656
1617374579
2236165227
954732505
3870291783
203063872
120037433
901446209
3289532920
1170322318
463714733
1583044939
2669088047
2175220555
2619484630
2374465102
2473711130
1326454130
2333758672
3956237657
2031398848
2277078350
537954168
2633755118
909736217
1818071203
4033309061
3188519784
2515414691
1942433840
3400583241
2434117141
1283282108
32322564
933840196
1984639870
3643182276
3189861501
4273945698
319514457
1581013249
1046468389
3577844350
4248902084
4034811131
1683299564
3727969895
26870537
422241517
55443792
76290016
3264071734
1547122688
3578676139
246286630
2582573488
806245657
3154177172
790085706
904679934
3046399887
1455328548
1672996433
1659687023
1843356935
980378623
2894128479
4106806500
1805164838
2488110455
1688589319
1777575116
2433180811
1717603426
340072968
450702639
2495655085
313990372
4100868030
1638457571
2624104563
532521085
93287282
915702467
653817613
3517094512
453117754
4137343622
3650612801
735659236
3382356753
769641706
972934024
720437092
952843551
1572279041
4044242117
3084225075
3540637766
413845967
2374608041
3805531860
3333835366
2798736170
2433545460
1267690225
2372210567
3335539641
1061467225
187287897
3958794546
737511257
1474752465
2693794365
2981054170
2784279363
2173695563
2669504705
2031628190
4250063944
1755298263
1691342272
113577418
3002422340
3366114517
1151734849
3412081449
3130174002
1302149757
3585576907
3973516288
1436783750
521953917
99564316
1120205878
4073918790
749107006
2040606332
3644400794
978104392
87943585
991953372
1511772319
558203562
2124753290
2964122333
1368810355
3006812914
1060562672
3080742225
2889273970
228207185
1217017851
3831911076
677434856
401168615
1235824500
3064793636
1282289111
148384406
1279423373
2928092576
4166261943
2549125688
2885975743
1772249032
2303678161
3883555927
2672305681
1335458666
3752089517
2993940574
2764651694
3522419196
2330434292
3176647141
1827093841
4275770935
503369081
1313543514
3392632984
1336556052
4141308344
762395137
492734160
1188696258
477781935
3770880435
2597899112
1883900297
504037110
2440157577
3668996190
925769180
1612667515
1287730897
618114511
3815223554
3010249012
1059573009
1552058318
3825562757
254048538
3892960647
788624785
2428276678
607346510
4254518937
4021665573
641188330
908434361
3847426491
49949107
4290624792
2192217536
1201462424
1545112937
3402839395
2836171063
986698956
785855245
1019621055
4132216306
10236979
1274260700
2429890811
2329679171
40180359
1403460124
1094251883
4232783543
3532201927
2408609983
2387420234
1313647009
3549368122
3673054131
1017809091
731763690
32495087
973944125
117603796
165002730
2798418105
1104312236
4186888961
3797308639
387955825
2108851812
1711824157
1624112575
2091867475
4264373171
1674008406
1480618252
2459074744
2381651847
3284104755
1257875017
4030005498
2410520188
4047164765
3561679504
400166845
1667043229
424255625
633356691
2060715783
2996401313
3455914687
1624604111
4116927831
3700643387
2490455314
159994443
2343517432
2923802381
1817951727
4186371839
3019531757
2187211305
3760795265
348564703
2613997913
1860274393
2585485884
1231363155
3133591904
3705571919
702087443
2776642644
3490453188
173595355
1534661780
2703230422
3343767807
1525891834
131822148
1253346046
3412604517
3103242259
1429880570
3396224919
2161317999
1713108635
1444008926
2563209082
1506111623
4008026157
13521812
3615214459
3057393091
28443368
1753339333
2182150220
3703192733
1917444320
647378094
3280081466
2680202154
4024384852
62080484
3394614808
4290457647
3821637020
3771348983
1372993859
2925222428
705810223
349681153
2309689384
2983107048
1646904556
442635611
414036520
882096754
572838653
1976704421
252903632
3083868746
502877675
3237123563
1531458277
1313687478
1740732328
2850189529
658185431
2690091025
3867328190
4179202264
2299753090
3197257438
2884667178
2044083523
1445217801
853967089
480910654
1635332963
3882171437
1950476899
3887370062
1351959816
3651282453
1547260475
3659517825
3147402802
3966980078
3869706918
1930010377
1253913433
2858893098
3346807993
1123685160
2329605058
649707688
1940805745
122227243
541879819
1508422470
1476726674
2701096385
593195036
320086483
1209939189
1754348945
1878574908
3533311183
3492349829
2176181867
3373543116
1104809763
3870679528
2615592862
769496251
564111027
3720035406
805371617
3670645822
2009710116
3137927829
347111063
75500631
1722795078
2079421586
759653869
925109487
2160627597
4188495173
860560996
301412542
668951889
2382978734
3366695420
3030542680
1180666744
3376872145
4240564878
1241751871
73610499
1307747376
1687172402
403421817
3856373423
3107585774
3144725126
2955224476
1239969761
470927795
2506465103
383605046
1838123398
3508581090
3335067156
4175152952
2626297322
2039598337
697818727
3516663613
2512240591
1587149906
1923304633
706903065
2346516035
2114710491
2783873719
274925137
1146411890
3674007116
1727064813
2194345850
4258758793
223929314
2321210285
1428400926
2888860802
2218695596
601018831
2289996610
2101415809
405181469
1129534881
2959134989
1342033539
2317707020
832450668
40808288
858175545
4042982373
2315654454
3815135541
2148417461
1050390014
3827806392
3716469679
2115805482
679373106
2328814421
1499545143
1763859253
1086148497
1755113450
1004673549
3291484540
3988296789
2051601390
2066407753
2932248035
2318978269
2519457999
1152283046
126495401
2301299623
1716659655
1812680977
4000094488
800612673
5288011
4199609465
3284448936
2991936394
3654726255
2464828073
1767987295
3580223925
315733076
3223342687
2295587136
644856338
1440057140
3274433430
3790008793
271783286
2920059270
2618934686
5527229
2845559625
314336041
1563868347
2168314206
1376662438
219047193
4036293337
520622108
3414439165
1461893770
4014405320
2437028157
3531643130
1896800977
2825937075
3609608175
2419438158
244845424
2381814925
1845745304
1026395498
473045471
3895997080
3954064821
1574303430
2869351737
549909854
1407284482
3581432612
2671242369
3660628949
1980543845
3207090565
4249670591
4220576215
2060154730
1152605926
551986309
3738812418
4291099995
3512014360
1463225620
3592056196
1608279163
3584131957
1797061228
4068748603
3811123761
234012527
1867502439
2551601320
1963945430
1874068212
4119677398
181413166
1408463453
2546627817
474700538
4130090469
684700503
2009601739
3519915525
2799124208
3164341888
3952408677
868704219
3647337971
2833557737
2459669446
3634952126
2518142673
1131037327
1277901268
1245511492
4074048521
245484258
3167846807
2324701167
706769824
3182487336
1788060860
1229664969
4088938834
1350364827
3634156233
3752514017
1159942221
2548367534
3176247110
1360999975
637834288
1579075807
100284322
3393662604
118171786
2847899105
452404203
3569700662
1201431964
3237207786
3629594433
888908331
3529850304
4210226428
3434071395
1843319066
1270738097
208088124
1490893724
755117406
3209630809
3050526066
746799316
2147901677
2792656715
2882157928
2647500521
1488847719
3753327037
1140059738
3802942365
3539876619
184968055
2561516448
1184226976
1087127759
2579429261
2881194963
4148243794
1441737127
2061177227
3382465159
3129709687
873295649
3420963048
3851717637
3118570362
2676527516
3270877252
22224839
4027698248
3590741006
628688174
199828343
3007162441
2200694105
999301433
3245122967
863814755
577255815
2901274338
1875949729
3774961744
181494684
3873775006
4240701761
4026670106
569610359
1540738488
3103000126
452906448
198567939
1550357316
2786925741
840112596
1436259930
3487713805
3593753051
1551312491
3485922443
1238840705
1242484812
1235559873
773315397
1269421420
3154908288
726585522
2506337607
1665469767
336638392
519542383
3068394658
558566413
292563933
1309977639
1485321627
2604850808
362402127
1285764803
48454953
3602272046
175722469
611352003
3260817291
649436334
3313677474
3468718561
3471716645
2288018691
2817390099
2311395904
2020523573
3526793342
1560450367
3053298731
3721831092
3212714233
2282918850
1562356420
1377676939
349395617
1079114750
843356997
3549372508
1332399013
3686378787
4209136141
1367803810
3840902256
1979604411
202742365
1258955458
2491317999
3216517887
942296048
2729067362
1717088207
1484330601
1588555246
3311690727
2054020104
2195980754
2576084858
671307821
2899909045
1564627296
2377082969
3247383399
2287972366
2870569737
538620552
2470011314
2673255317
1539259449
3519589731
576607780
3619493894
2204913877
1617706099
1346893074
3515676777
679691327
3786086856
3967388577
1657197506
3350978904
1014241811
1000063762
69054122
3072808728