10100000000000000000000001010111
11010000000000001001000000000000
11011000000000000000000000000000
11010000010000001101000000000000
11011000010000000000000000000000
11010000100000000000000000000000
11011000100000000000000000000000
11010000110000000101000000000000
11011000110000000000000000000000
10010000000000000000000000000000
10011000000000000000000000000100
11000000010000000000000100000000
11001000010000000000000000000000
11000000000000000100000000000000
11001000000000000000000000000000
11000000110000000000000000000000
11001000110000000000000000000000
11000000100000000000000000000000
11001000100000000000000000000000
10010000000000010000000000000001
11000000010000010000000100000000
11001000010000010000000000000000
11000000000000010000000000000000
11001000000000010000000000000000
11000000110000010000000000000000
11001000110000010000000000000000
11000000100000010000000100000000
11001000100000010000000000000000
10010000000011100000000000000000
11000000010011100000000100000000
11001000010011100000000000000000
11100000010011110000000000010000
10010000000000100000000000000000
11000000010000100000000000000000
11001000010000100000000000000000
11000000000000100100000000000000
11001000000000100000000000000000
11000000110000100000000100000000
11001000110000100000000000000000
11000000100000100000000100000000
11001000100000100000000000000000
10010000000110000000000000000000
11000000100110000000000100000000
11001000100110000000000000000000
11100000100110010000000000010000
10010000000111000000000000000000
11000000110111000000000100000000
11001000110111000000000000000000
11100000110111000000000000010000
10010000000101010000000000000000
11000000000101010100000000000000
11001000000101010000000000000000
11100000000101010000000001000000
10010000000010100000000000001111
10011000000000000000000000000000
11000010010010100000000000000001
11001010010010100000000000000000
11000010000010100000000000000100
11001010000010100000000000000000
11000010110010100000000000000000
11001010110010100000000000000000
11000010100010100000000000000000
11001010100010100000000000000000
11000011100010100000000000000000
11001011100010100000000000000000
10010000000010110000000000000000
11000010010010110000000000010000
11001010010010110000000000000000
11000010000010110000000000000000
11001010000010110000000000000000
11000010110010110000000000000000
11001010110010110000000000000000
11000010100010110000000000000100
11001010100010110000000000000000
11000011100010110000000000000100
11001011100010110000000000000000
10010000000011000000000000000011
11000010010011000000000000000000
11001010010011000000000000000000
11000010000011000000000000000001
11001010000011000000000000000000
11000010110011000000000000000001
11001010110011000000000000000000
11000010100011000000000000000001
11001010100011000000000000000000
11000011100011000000000000000001
11001011100011000000000000000000
10100100000000000000000000000000
10101000000000000000000000100110
01000000000100000001000000010000
01011000010000001110000000000000
01011000110000000000000000000000
01011001010000110000000000000001
01011010010000110000000100000000
01011010110000110000000000000000
01011001010001000000000000000000
01011010010001000000000100000000
01011010110001000000000000000000
01100000000000000000000000000000
01100100000000000000000000000100
01100000000000010000000000000000
01100100000000010000000000000001
01100000010000000000000000000000
01100100010000000000000000000100
01100000010000010000000000000000
01100100010000010000000000000001
01110001000000000000000000000001
01110000010000000000000010000000
01110001001000000000000000000100
01110000010000010000000110000000
01110010001000000000000000000001
00010101010000000000000010000000
01100000010000000000000000000001
01100100010000000000000000000000
01110001000000000000000000000100
01110000010000000100000001000000
01110010001000000000000000000001
00001111000000000000000000000000
10101110000000000000000000000000
01011110010000000000000000000000
01011110110000000000000000000000
01011011010010100000000000000000
01011100010010100000000100000000
01011100110010100000000000000000
01011101010111110000000000010000
00001111000000000000000000000000
10101100000000000000000000000000
11010100010000000010000000000000
11011100010000000000000000000000
11100100010000000000000010000011
10110000000000000000000000000000