1
-4
-7
-6
1
-7
2
-5
1
-6
6
-5
0
2
1
-4
1
-4
-2
1
-6
1
0
-2
-6
-2
4
-6
-4
-5
-8
6
-2
0
1
-5
-4
2
-6
4
-7
-1
4
2
-8
0
0
3
-6
2
-1
5
-2
-7
5
4
3
-8
5
1
5
-1
5
-7
-2
-5
-8
-2
3
6
6
0
-1
2
-5
-3
-8
-7
5
-1
0
-7
-4
-3
-6
5
-5
0
-1
-5
-1
4
0
-7
6
4
-8
3
-3
4
-8
-4
-2
-7
2
-3
0
1
1
3
1
2
-2
5
3
-6
1
4
-8
5
-5
1
-2
-1
-6
-6
3
-2
5
-6
3
1
3
-4
6
5
5
-8
-8
-8
4
4
-4
3
-6
-1
-7
-2
4
3
-5
4
0
1
0
-1
-8
-1
-7
-4
5
-3
5
-4
4
-6
-7
5
-8
0
4
-2
2
-1
-2
-8
-3
-3
-8
6
4
-3
-6
1
-1
-5
0
5
0
2
1
-6
-1
5
-8
-1
-6
-1
4
3
-8
1
-7
5
-7
-7
-6
-6
-8
-8
3
2
2
3
-1
1
0
0
-4
4
-2
2
-1
4
-8
-6
0
5
-6
1
1
-3
-5
2
-3
-2
-8
-6
-5
2
0
-6
2
1
-7
-8
3
4
-7
-7
5
1
2
-8
-8
-1
-1
-4
6
4
1
6
6
3
-6
-8
1
-4
-1
-7
-8
-6
-4
3
-5
-2
-4
-6
-3
-1
-5
0
-6
3
1
0
-1
2
2
3
-7
-3
-2
6
6
5
-2
5
3
2
-5
-1
6
1
-2
5
-8
-2
2
5
-7
-5
-1
4
-8
3
-3
-6
4
-7
0
3
3
1
0
3
6
-1
0
2
5
-2
-1
0
4
-7
3
1
2
5
-5
-3
6
6
-3
6
6
-2
-5
-4
4
-4
2
-4
5
-1
-2
2
-6
-6
-1
6
3
3
2
3
-6
-7
-4
0
3
-7
5
-7
-4
-5
3
-8
3
-1
5
-6
-2
3
-7
-6
-1
6
-5
2
0
-2
1
3
5
-6
6
1
-1
-1
0
-1
2
-7
0
-3
-8
-6
0
-8
-1
2
5
-5
0
-1
5
-7
-7
-4
3
2
-5
-5
2
-3
4
-2
-6
-4
-5
1
-7
6
-6
5
-3
0
4
-5
6
-4
2
-2
-5
-6
3
0
-4
0
-5
-6
-1
-5
-6
-3
-2
-3
-4
5
1
-7
-7
-6
-5
1
3
-6
6
6
2
-1
5
-2
1
-6
4
0
-1
2
2
-1
-7
1
-5
-6
-6
3
3
-4
-7
5
-3
6
2
2
0
3
-5
0
5
2
1
6
-8
-5
2
-2
-5
5
-7
-7