2684354647
3489697792
3623878656
3493908480
3628072960
3498049536
3632267264
3502264320
3636461568
2415919104
2550136836
3225420032
3359637504
3221241856
3355443200
3233808384
3368026112
3229614080
3363831808
2415984641
3225485568
3359703040
3221291008
3355508736
3233873920
3368091648
3229679872
3363897344
2416836608
3226337536
3360555008
3763273744
2416050176
3225550848
3359768576
3221372928
3355574272
3233939712
3368157184
3229745408
3363962880
2417491968
3231187200
3365404672
3768123408
2417754112
3235643648
3369861120
3772514320
2417295360
3222618112
3356819456
3759472704
2416574479
2550136832
3259629569
3393847296
3255435268
3389652992
3268018176
3402235904
3263823872
3398041600
3280601088
3414818816
2416640000
3259695120
3393912832
3255500800
3389718528
3268083712
3402301440
3263889412
3398107136
3280666628
3414884352
2416705539
3259760640
3393978368
3255566337
3389784064
3268149249
3402366976
3263954945
3398172672
3280732161
3414949888
2751463424
2818572326
1074794512
1480646656
1488977920
1497563137
1514340608
1522728960
1497628672
1514406144
1522794496
1610612736
1677721604
1610678272
1677787137
1614807040
1681915908
1614872576
1681981441
1895825409
1883242624
1897922564
1883308416
1914699777
356515968
1614807041
1681915904
1895825412
1883258944
1914699777
251658240
2919235584
1581252608
1589641216
1531576320
1548353792
1556742144
1566507024
251658240
2885681152
3560972288
3695181824
3829399683
2952790016