4210687492
50198790
4177985280
4261345786
4278255877
4227334657
100662524
66844922
4210687743
4244504578
4244375294
4261347070
100598528
4277860603
50201349
50723075
4227399168
101121790
84083711
4177394436
100663809
4244897284
4227858680
4244440324
4210950145
4244896762
4244568066
116979966
4194172414
4244570883
117048324
4210622457
4211213830
4161207800
17106424
4244764673
4177198082
67042816
4211279360
4228186110
100989179
49938944
4160944382
4261544962
66781700
117048568
16646394
67502081
83820548
4177591549
100533766
67108346
4227399169
4227856901
116982266
4160816128
4277860357
16449276
4194042881
4294639110
4244177921
83491074
4294903041
50789882
4193910781
4177198082
33945849
4227528956
4211015684
4244306947
132355
4278454012
116982526
4227791613
100860155
49872898
4261283576
4244569605
100533254
4194041345
4177787385
4277863428
50462464
50003458
67109112
4210558712
4278255362
4161076994
83756796
16908294
4244899329
4177524990
16515832
4228250107
4211407107
50592761
4261542915
4194237957
4194173954
83558396
100664827
4194236677
83753208
4210950653
50136324
4227726842
66912515
84212475
33293823
4260954617
67107577
4278320378
4260955654
100465146
4261019384
4227663102
4177263617
4194501894
4194105344
50134790
100531451
4210754822
84146691
4261676027
4244963581
4227856634
83886075
4227990265
4278125052
4160944646
67107579
4245030147
67175939
49871608
67173377
4161142776
67436291
66648323
117245695
33030661
116981757
4277796093
100467458
4261152249
4277666305
17104642
50723584
66845700
4244243205
4294772221
4294640124
33093638
117045503
84147461
4227661823
4278124539
33620734
100989190
4194368512
4261017853
33751800
4261281023
83820284
4161011201
4261214981
4193976838
4193843969
4278385660
4294704637
17235196
4277797114
4294771715
4228120827
100794369
66715133
16777978
4227793401
4194107132
100860417
4261476602
83556867
50199293
33489147
4244112644
33816322
84343294
4278254337
4227923964
83820540
4177330434
4227662842
4194173951
4227923962
4244243460
4177200385
16712956
33881602
4194564099
4211407362
132603
17038849
33816060
4161140988
4211408633
4194367999
33359099
83427326
16775428
4277992450
50527992
4194172925
4193912568
4210621694
4177853440
16254466
100333819
4244176126
84277249
4160881920
33094918
4261478392
4194696446
4278319108
4294507259
100661760
83624959
4261476863
83558394
4244505087
33880323
4294640379
117245180
4228249856
4211407098
4228251909
4261413117
4211013885
4161207804
100270844
4160880897
33752828
16909817
4261543942
50658556
4244571129
100466684
33947654
4194305534
4177921020
84343044
4177330181
4194630140
4227792641
4227401219
100990968
100204024
100335365
33621246
33358072
4294703615
4261282552
33618432
4261542148
67565823
4294768644
4227726085
4244241914
4177004284
4228053253
4194630403
100534010
100729084
100729852
4210557439
34012931
4194302213
16515834
4261609726
4294573314
4227990777
83688956
67501056
33619704
4194305789
505
67372794
4211016962
4261412614
117045250
4177658881
33620221
50529282
4177658370
4278060036
100597507
100859653
66976511
4278257401
117438466
4194632707
4211276294
67107587
4227858427
4177528059
4244439039
4244833538
33094405
4261739007
4210620920
84080888
4177656060
4244438273
4261805817
4260952834
116917761
100204548
4278519045
4177265157
33095685
4227728382
4227791616
4161142269
4278648580
4194106369
49874435
4244831740
4194565632
4277863673
4294509309
83623681
4278322938
101120002
4261738499
4294509816
117047290
4278450424
4210558463
4277667327
16580093
67503614
4194696704
33750782
1791
4294834949
67502076
33750781
83363582
100530430
4211277060
33095686
4261544447
4261610498
33686777
100534013
117439234
4177788409
4227858938
4194500349
4211475206
4211013886
50135293
83885566
4278385149
33818104
4211277059
117046010
83884795
4193977603
83622653
50135547
4177983491
16844542
100268034
16778232
16909571
4177394169
4228118777
4228118788
33816571
83821048
83691009
4177134843
4228055547
4278057989
83624442
33880830
4177262595
83887614
16581115
4228053251
393732
4228184065
65284
33947386
4261148676
16906746
16320254
4177328888
4277731843
4194171650
66715909
4294639098
4210885886
4160947199
49938684
4227857150
4227727103
116979969
67566337
33030918
33817850
4261480184
4261741821
4244440058
4261086202
4244505082
4177591810
17234690
4210688504
50526466
100792571
195077
67502598
100465917
100662528
84214779
4261478394
100925690
4244963579
33488892
4278254330
4261020673
66713853
4244963842
4244175103
4244571133
117110790
49872120
4244568837
66566
4177787392
100858372
117114619
33555196
4210556931
16581373
4278452483
33750022
50070783
4278647803
50200067
4227990018
4294444036
100334073
117111042
4211212288
4261412353
33684486
4211211007
4193910524
4194564351
4193911806
4211082493
4294901251
67437821
4244503556
4244371462
4210623229
4227856632
4261214457
4244962300
100795642
34011905
4160945917
4278057208
4194566399
4294706938
33881854
50005509
33555969
67107064
84082694
4177723389
83752964
4294837506
4277863165
66716920
100794109
4211343611
4211081467
4277860858
117048323
4211343364
4160749827
33094396
4211212798
117046272
4177855481
4177262841
66585606
4244768000
4228053509
16776958
84084478
16317433
4227532285
4210948610
116980991
66717187
4261019398
4278256889
50201345
4261085184
66651394
4278582783
4244175102
84212485
117112580
4244503289
4261411589
4261478659
325887
33487873
4244505082
4161141496
4194630405
4211213061
16973058
261370
4278517505
16906500
4244176376
4278584570
4210819070
4261346308
67435265
117310470
4277993988
117177088
16779004
101121536
100859388
4244571141
67109891
100532991
4227335685
4278190329
4177132797
101055750
4261541890
4177852678
33292294
4210688258
49808634
4261412609
4194435837
4245029636
16712187
33290747
4210557179
4245027067
4161075972
4277798145
4194761475
4161078012
4211343107
33096958
66978302
4277992956
4261411071
4211407876
100792831
83755005
16709880
4210817273
83625219
4193909752
4193909497
4228187395
65790
4294640633
100989689
4261807352
4261608698
63737
33948928
4193977598
117439739
4244505083
4193846276
394755
50463737
4244111610
458497
4244505340
67241721
83887108
33683709
100270591
4278060542
16645884
4278191868
16775419
1020
4177656316
4160816895
195578
4278123269
16449020
4244505592
66847994
4294638847
4294637822
66586108
33162236
4177918712
100534013
4227988996
117045496
4244438779
4294506748
4244899333
100202746
16972283
4244764675
100990970
100989187
4245092355
67044863
4177658622
4278518015
4211408131
67240698
4244438015
4194042367
83951105
16777478
100268538
66650877
83557380
116916479
4261021438
100992248
4227596287
4261085696
84017406
4177656068
4211538693
4278518777
4244502778
16515839
100728065
4194174208
67107076
66978052
4278452996
84016632
4194761470
116979970
4244636925
4194695929
33422332
116982776
4211407870
50790395
4261545725
116917249
66715395
50528002
50397441
83428095
4194630659
67107321
50134786
4227989501
4244833789
4278385914
4278254589
4211079933
116980484
4211016963
4194435841
4210948101
4211145221
4177659390
100467972
4194043386
50789888
4177265665
4278320640
4261412348
83821820
4261608192
4211473914
4278450694
33487109
4227859966
4278123526
262912
4294900480
16974597
4210818822
84015362
117244665
4278123270
4294639616
117375482
4227922180
84018687
4210689027
4211016447
84148475
4228186361
4227987714
4210884355
66714360
4278453509
66648832
17235197
4177984515
100992254
4261804546
4278256389
4211213818
4261019387
101058301
4261804805
4161009925
100793856
66780929
391939
4177723650
67306498
4278387205
4210752504
4177525502
100859907
4278517755
17103614
4244241920
84083713
4177199100
4210687742
16775430
117046008
49873404
4211474429
261624
4193975301
4194043132
100140546
100859643
4278254844
100464644
261375
50723832
4210621441
4210557189
4244898564
4227594245
83886850
4228054010
4227464196
4227988990
33553404
116980472
4194433787
4261544703
4227924994
66649596
327686
4211407354
4244568315
4177328390
4277731332
4211277823
4277795331
4260889349
67371523
4261479933
4194042111
50133760
67369476
4227858683
33422339
4278453245
100858623
4244764675
4177330949
4278388473
4211407869
4211341818
4161142271
4194043642
4277732100
4194106113
84081919
84082430
117046010
66052
33093890
4194630404
4177591289
4261741056
4177919740
391682
4211081720
100270595
4261280770
84016388
4244504066
100596734
4244701701
117178623
4210752766
100859904
4160947961
4227464449
4278255355
50331142
4160947459
260602
4194105596
4210950137
33553151
4194108931
17235450
100661254
4278582522
4177066236
33882873
16448250
100205817
117244413
16516861
4227988733
83820032
33225212
4210621181
4294772222
83820542
17235706
84146685
4210817793
67041785
4177397241
16710649
66846460
16843782
50135044
4228317183
4244438781
4194436863
4245094396
4177462525
4278256133
4228250113
4261676536
100663552
50529798
117180159
4227398904
4210620921
4260954629
33292292
4244308219
4244568573
116983544
4210686212
4194632708
66847997
67434745
4261018363
4261610492
4211276025
100664834
100465407
4210818050
84082944
4244503547
33618941
4227727355
4278058495
4294574854
4194501372
66809
16906241
67109636
17105152
65793
117440002
4244372993
4261673466
4294572796
4278322433
4244702456
4294444287
4160946428
4294507778
33228536
33489409
4278387966
4244112131
66780678
4277861126
67565824
16383485
67174657
4194631426
4227597563
4194500861
67435769
4261870077
4193975558
4261217277
117244926
100467462
4211080960
4177066502
4278320134
4278126085
195846
4193780227
4244243198
17106170
4294772475
4244569593
100335872
33357057
4194371077
4294835192
100598273
4194305272
4177329923
17171960
4177852667
16910077
4177263865
4227857147
4277732348
84149764
4160947453
67173116
4294834683
33030658
33619453
33162488
33555715
4227923200
66304
83886594
34013181
100598272
4261149699
4177919494
4177459713
65026
4227596536
33226745
117179640
4278519298
33686782
83886076
4227529730
4261414396
117114366
50003452
16579066
4227463172
101057790
4244569593
4177985024
66650886
4177068036
4227727352
16513284
4261413382
4261479419
4261741827
4227726333
50726648
4227991034
4210622975
50133506
4227660287
16710659
4294638078
4278385146
4227859200
33422586
4210949382
50005496
4161141506
4245028608
100596225
394238
33293311
4244702719
4228119811
4244634877
16712698
4211344642
4194696198
16647685
4177722116
4193781242
84149755
4261348358
4194107139
67436294
132859
50068995
66716671
4244309500
83493885
4244175099
50333433
100271869
67239942
4194040056
327419
33163005
131323
66716933
66716665
4244242426
4160879621
4227988224
84017669
4194368250
83690499
4294443523
328710
4227398904
393465
4278385157
4194171398
67042562
50332160
4228252669
66780416
4277797633
83427576
4210686974
4294703878
4244962052
83560184
4294639355
4245026816
83557379
4278515962
4194304001
4294834694
457720
4193844737
83752965
16777473
117180152
16449272
4194566909
4278518269
33948928
4278648064
394494
33096196
4228316408
4261149956
100859652
4194107391
100861179
4177853432
4210755077
4261477112
66779142
16448763
67566598
50463741
16319483
67503609
4278122756
4194698241
4161206522
84148736
66847750
100663809
50462724
33424637
4261542402
50463736
4244634370
4261283324
4261084158
83951097
117245692
84149766
83622150
50396670
4245094146
84280317
4228185342
50528770
4160815109
4278519297
4177592824
4210883075
4278386686
33749248
4177526016
4278319875
100661764
4227661561
67241477
4210885888
4244503289
4227728633
4244963583
4260889596
4211014138
4294967043
4210621956
4193911292
131320
33556216
33291774
116979974
117243906
33686522
83492860
4211082244
66043
33292542
100464895
394490
4177658370
4261410822
4177919742
67042810
49873157
4228250370
130307
4193780732
4227661058
4177724163
33751038
4245093884
100206082
50528001
100335104
33486849
4261348610
50005758
4245028860
117178363
33225989
4194695938
101056761
16973052
4244374271
4193910776
4161208069
4211407877
4177853444
4244701956
4245029381
4228253184
50658304
50067967
4261804032
4194369021
4227662332
4278124024
4261804546
4210817030
4261348605
33030662
100860664
4278451461
100466685
4211343360
4294573822
84147961
84280574
33948666
4177068800
4244243206
4177330181
33161477
66978047
84213504
33160196
456710
4261610242
50593277
16384767
4210817534
4177263612
4294639100
84214266
17041150
4194236924
16645375
16317181
100860412
4211408382
49939461
4244570616
4227925504
33228028
4211474687
4194434553
83688445
4210884613
100859386
4261610236
117440006
1275
50134520
4194565637
117373445
84083712
16645888
4278452985
4177984761
4194566144
16647171
16318211
4211147257
4294835715
4227924731
4211409914
4244964095
4244832000
67174912
50266108
16382981
66716678
4261412603
4294703608
67240188
33750017
4210950402
33290243
4244242426
4294640383
66912249
4194370552
117243644
50528760
4194174462
4277795577
50463230
4244896764
116981764
117113346
16383480
83821825
4211080446
4211147005
4211016186
84344575
4177264132
4261216516
33552640
197112
4161076985
4278257158
67109121
4261673478
67434754
4160945148
4193843963
4210755074
84016640
4294902788
4261806342
63742
4227660802
4177132803
4228251897
4160749572
4261479165
4278125313
33160189
4210558716
4211212290
4278060036
4294771963
4210620929
16579078
4244635647
50658819
67371779
4294705912
4177331200
4244372473
4244176890
4244178431
4261476613
16383235
33946879
33880833
4210689028
100663045
4193781496
4227793663
4277795071
4177724418
116980224
4244306694
4161010938
4277992700
116981508
33357059
50658296
33161209
117045505
4211144707
4244963069
66651900
16384761
4261608709
4227596796
4177527040
4211017210
4261870598
67175675
33618942
17106170
4244699140
4194760956
117376507
16449286
4261411078
50658298
33815040
4227859971
50659073
117111557
4177134846
4160879876
4210621185
4228055294
4277667333
4160815877
83688954
4227791872
4227662845
4261085950
4244112128
4177656062
50005240
4278124286
33292032
4211407872
50200570
50397187
83560187
4261017858
33294074
33618180
4227531770
4177003518
4261741822
4227793144
117111807
83821572
4193843961
4277797632
4160944638
4211342335
50134013
4194369276
100464899
4177459970
33685500
4177200121
84214530
4193976316
4261805058
4177198840
67501051
17106182
4278320643
67174652
4261805055
101121534
4227989502
50725370
100923640
84146436
67237892
33814788
4177200893
4277797114
4194565122
83755005
4194564601
4211474168
100598783
16909054
67175418
4261805568
4294835716
4211341316
4227857917
33816318
4161010947
4261086717
4294573317
101055227
100268287
4261281279
66781433
4161077497
33290750
4210624254
4260888827
4245027064
4227728634
4244635385
16579837
4177721855
4294770178
33949182
33356544
4227597048
17038584
4177853697
17235450
66910460
4193781498
4161142778
4244175608
4193845755
4211081985
4244503808
83887364
4277860863
4194762744
4177593592
4278124803
33358854
4227529220
33031931
4227400698
4211408890
33621244
4194301958
84016387
16711684
4194500600
4294834427
50397958
4261151227
4177789955
4177461762
4228120069
4193976826
4277927932
4278517240
100794116
4211015683
100663046
67303938
4227728902
4161207292
4161206785
4211015686
4244700158
4261609978
4177788671
4278387974
100861179
4278517759
4228250873
33096442
4160947710
4261019641
4177328896
4161207547
4277796346
4160750077
4193845243
4277995262
67303933
4277993478
4278191101
4177266178
16316923
4161012223
16710648
117112578
4245027579
4244702202
4261477121
83428344
34012152
4260954373
4227595264
4261609727
4227401210
100399355
33554426
4261282560
4244702208
4194042628
4194367750
4177917958
83753222
16974592
16644606
4210819334
4211016190
4210620668
197638
4245028352
4227728383
4227662853
4177722374
4244503292
4177918980
4210751749
4177853439
4244702971
50068481
33095429
100139269
4227529466
16449284
4261085947
4177459966
33815042
100399622
4261083645
261381
4245029121
100793851
4211343609
4244961798
4227791867
4278059770
4177787908
33686529
50069754
33421571
4194762237
4177396229
4177198072
4227921924
4294508288
4211278851
84343289
84015614
4278452995
50004473
4277797124
4244635390
4177263109
4194304254
100990977
67174395
67305720
33883129
17170182
100402426
4278124028
4210818043
33031422
117177337
4227398657
4177722884
100269058
4294575868
84148480
4261806074
4228053766
261
34013183
16778491
4244439549
100792571
4210949122
4177790459
4194501381
17104381
33422596
4177395199
4244897541
50395386
4261021432
263416
84280570
197634
84082176
4227400449
4211538436
67371008
84342790
16514309
4194368255
83426810
67369464
100598013
4260953592
4245027073
4211278075
4227924224
4244898820
4210883841
4160880132
4161076484
4210949116
4277798144
33946364
101122042
4161142790
4160945406
33358330
16646147
4177462275
4261544196
83821049
50527482
4210751745
49871100
117241858
50199037
67110139
4294835199
4161011199
4193846274
67566590
16778748
4244375037
4278256386
4161144062
117374977
16646148
17105147
4277926917
4228056058
4227991039
4244307193
50070779
4194695941
4177395198
4278188287
83427579
4228251142
33489919
4161077753
4211014656
50134276
4277666040
4227794433
4227398403
4278582272
83558397
117376260
83951864
50527994
33818113
100727551
33357560
4210884349
100860933
4210818303
49939711
49873920
4194040319
83754748
16973310
17105659
84016376
4261283067
16646915
101055742
50201346
67501312
50267398
4261805563
117245432
100596230
83494395
4261346052
50526465
4177854202
4294704902
4193974526
67238144
101120517
117113346
16384005
4278451970
101057278
4194369280
4244505089
4193845756
4194762747
4228250628
100795646
67307262
50660601
4261413633
4277927424
33750019
4244570361
4177525503
67371262
67368965
4227727617
4294704134
67075
50069764
4194172668
50199294
4294706942
4227859449
4261675008
100793605
4210622460
4194631936
50461698
4227922432
117045504
16778501
16974840
4277798393
261125
4194172666
4210885890
4227924984
4227530235
100336891
1281
4210557957
4177067260
4194040574
83427068
4261608952
4294444537
100795900
67174142
50528248
4278647803
50201092
50461945
84280568
33621244
4261871613
4211013884
4228185860
4177920763
4244371718
16319995
4261348091
4227990781
4194567165
4160816633
4194370044
17234168
4161208061
67565568
16514564
16711174
4177789439
4194696698
4294900997
33882365
4227922168
4294507518
4294769413
4227726086
84148482
100793854
4278584068
4210948351
4244765437
83492358
4177525760
4261673219
263933
4194698495
4194172165
100534013
4194499065
49872888
4227990788
83690746
4278582779
4294771195
4210883838
4177852934
50592000
4294901241
33421822
84146941
83820803
4227857413
33424387
4277733116
4210818820
33684731
33880569
4261217024
4294641153
4260952824
4227598075
130552
100466693
117310721
4227397894
4244244223
83625722
83621891
84018435
67109381
84084473
17170435
4227857413
4227792641
4261281540
4261214722
4227794682
4228250625
16254213
4244112895
4211144956
16775933
67502328
4278388477
4261673729
4278453254
83884540
50004472
84147457
4227595006
4261151485
4160944897
33423353
4278256120
67174402
50593280
17105662
100204283
4177263875
4228250880
4210753785
66912260
4261542904
16319487
66715133
4193845251
4244768252
4194107902
67503103
4294506498
100335876
16381957
4261741562
262659
4194630660
4261542137
4294443269
100662274
84215034
4177853957
33160699
100465918
33685248
4261280762
4211407360
50266620
66584824
33422331
4194498563
16910072
4227793665
4277992185
33292026
83688190
4177591806
4245093627
84147961
83624190
50725880
4277730811
4277992962
4244633852
4194629633
83755261
4278386435
4294769149
4228185337
66847229
33686271
17235448
4245093119
4261018626
33553414
4210754556
33424889
4227400185
4177528573
100794623
83623429
4194696446
50528508
4227725572
67042556
4177200376
4244961542
16579075
100662779
4227858171
4278386438
4177592835
100334594
67501048
16516857
4211343619
83624703
33291517
4160814598
4160944646
17037829
4227990265
4244768249
4261281787
49874438
4211015680
117308664
4194566139
4210621955
4228249862
4177396223
4194043140
4227991290
84081657
4211016195
4177918718
4211015174
4193978107
33225724
4244112641
66913790
83951622
100205830
4244375034
66913023
4210883331
4278188542
67500034
458744
16841727
50725118
100728319
100859645
4294508034
83822078
100663800
16975109
457473
50461182
33357049
4261608445
4277860607
4177264890
4194173945
4245027074
33552893
117046013
67173881
17168900
33356282
4161207553
16317432
16451075
4210688766
130045
4261479672
4211473149
16383480
117114106
4210689021
16906500
100597760
4177069056
4160814339
50396664
4260955641
4244374531
67303942
84083715
4294573827
50135555
4228315137
116980984
117177345
33227270
4194370297
4194565377
4294772217
129274
4210885635
100271355
17171206
50659579
4194171651
4244831740
4160750333
16908027
17106171
4160815864
33358078
33882105
50135041
83558652
4244306176
17104633
4244896764
17170427
4261413121
4177921028
4228249600
4227922180
4194567680
33097469
117376249
100268550
49939974
325894
4161141754
116916996
4278452480
4211146753
4261480184
16909573
4194040322
4244111620
117307642
117110785
33553915
4228121858
49873923
4244700153
4244768257
100269824
100530437
4194696193
4194106371
4227988216
100532991
4210622462
100598011
4228185858
100203777
4278387451
4177004032
4294509312
4227335929
4261347071
4210884089
4177394426
4177068031
84149249
4210751992
4177789180
49872377
17106680
16579840
33882107
17171960
84148988
4244241145
101057784
83886335
263420
4177397501
17040633
4228121338
67304192
4211016708
100664068
4277928190
33425151
33947645
83884796
50395385
4277731845
117374208
4294574342
83755771
67043326
326907
66584578
100268035
4193844222
33618692
4211146238
4194043646
50461178
4228055813
50725888
4194697721
67435263
100595964
4278126076
4244243195
33424632
4294903549
49939194
17235452
50725636
4244571384
4194696959
4227987706
117113339
4228055556
16908547
84081153
50592516
4194565632
4294706942
4194501380
4278256633
83691004
4194105859
4194565376
4193910268
4245030141
50265592
67041794
4277860605
100730366
17103619
84343553
4228316155
4211277057
4210818562
4261085949
4193780736
17038851
4227922168
457723
4278519551
4227989245
100925946
4244374528
33554689
4177132032
4161207300
4193843974
33224706
4261741819
261126
4210557442
4193977085
100268293
117375739
66912769
50332418
100728579
4194368006
4177461247
4177788921
4278453253
100795135
33293315
327416
4177329920
4294640134
391933
100662017
4193977853
4177659391
4261085701
66651901
4193843462
4261215739
4210622713
4278515974
100204545
4177067261
101056514
4277994233
4228122114
4294966525
50724600
4244176895
4210752003
4227727615
4194109179
100792574
4210686456
117376253
101055235
4194629892
50659070
4261805566
33357058
50396421
4227465477
17103353
84212996
16907517
4294638081
4227859454
4227597048
16841469
4177198082
33424121
4228317182
4261674754
4261412354
132095
4277730047
4227792639
67436030
4177462008
116982271
4211277571
4244241920
4294966268
50199043
83625218
4278124546
4294836992
4211213823
4177983738
66781188
101055740
117179901
16909309
4161141752
4278188804
84277251
4227856384
33095417
17234950
84344068
4278123515
67370242
4210885125
4227532543
100794111
67107839
4177067780
17172223
4210688511
4211342841
33357829
195331
4244506110
4211474949
83952892
4277927680
4278450437
100859394
4277729797
100858878
4161076228
116980225
4244178433
4177723907
4261544452
4277667577
4278384894
100334337
4177789952
17038082
33226237
33161979
67240962
4227988732
4177067013
4177921539
4161012740
4244439042
394236
4261477121
4211475708
4261410821
4278450424
117374982
4227660801
100205822
4177330694
4177526022
4193846016
4278189824
16973309
117243129
4277667065
116982786
4177526785
67306237
33619715
4177199610
4294704381
4228184326
67238400
117113088
4261674494
4161075714
4211016701
100205564
4277927425
4194370048
4245028613
83755526
4194762243
33422083
67238148
33227781
16972544
33031931
66713854
4261741305
50595328
4228187394
4211080963
4278450430
4278384640
4194304249
33554694
83624194
4277796094
4227661573
84148219
50070529
101057539
117241857
100202501
117373437
33225210
4278384894
4211341317
33488633
67436288
67238141
4261279995
4227726592
83690239
16450561
4211344123
4294837253
50789628
83624449
4177983995
4160880646
4210948860
83622141
4177068283
67175162
100794113
4227532537
67172870
117244416
84147718
16713466
4227532292
4161141244
16777976
50725117
100598777
100859398
33554434
100923398
4244111365
33488390
4227924741
4261608441
4278321404
33620485
83755775
4294573824
4244633857
4227793151
4244437500
4177003523
33882373
67435266
50004481
100992255
67107583
4177920255
4261740801
4177592577
4261610753
16515579
4227466246
4161076228
67304954
66781446
4211082232
84018430
4277796351
67176190
16709638
4278190075
4177331704
84082433
100401147
117310467
33881346
4177592070
4194107398
100531201
66714630
100792577
4194107385
4194305537
4194566658
83820801
4227793400
4193844992
4244306943
4244568571
100400134
4244177919
17038588
4227989247
84214523
33621501
67042813
4194370553
4278386936
4245094146
4277798393
17170428
4210689277
4277796607
4294769145
4227595513
100336383
261632
131323
100467195
4261018112
4278648317
83493627
393466
4210885628
4244702206
101054979
4244765689
83558910
4177459969
67110138
50723833
4227663100
4261150974
117045507
67043067
4177790213
4194565371
4160944889
84149509
83363324
100991236
4177721854
4261673466
50528511
67304952
84212741
4211145211
100597246
4177197566
4261019653
4227597821
66651903
4194564610
4210752252
4161142017
4277797629
4210818560
100140547
4193846267
4277928698
4278123516
4244570877
4245092604
4278057977
67238394
116916736
4177394684
83820033
84018178
49938687
4260954875
4211539966
4177854971
4228186630
4227725318
100139781
16514054
83885056
66847741
100399608
33687292
4160749829
33357313
33815301
116980731
84083461
83363069
33880066
100204792
83428351
4261807361
83887610
196611
4278517506
4228054277
4277666042
33159422
100402438
33816322
67107839
50396926
67434755
33290754
16645892
4211474694
50133765
100857860
4228252933
1273
4261607680
4194433798
4261477113
67372795
4194566144
4278583037
16775929
49808130
49874685
393734
16974332
4194237693
4210558214
4261150207
4211148030
100795142
4244241402
4194105858
117244920
4194304508
4211145728
84344059
4294572287
4193781253
4244830975
4277995013
67371521
33750520
16449030
4261021177
4244830973
4261150210
84212985
4227400701
33357829
50333436
67175424
100597244
4194303234
84344568
4228185350
4245092603
67306498
33685246
33291775
4261215747
84277756
16647929
33357827
100859648
4210885884
50067961
4227662086
4261674500
4294575108
4211276544
4193976313
4177655812
83755008
4194435077
50200318
33555448
4278255357
4194436858
16580612
83557117
67175173
197630
4227726336
4177853951
4160878847
4160881661
4277929723
66975996
67502329
17106428
33096447
50136064
194808
4194434309
4210819842
4210948601
16645119
100794627
4177590525
50267645
4228250106
33423878
50529022
4244767491
4177722369
17170947
4194369536
4278583547
4261151738
4194632450
83885573
50724345
33097211
4261214208
4177069818
100795647
67108357
4177068550
4228056064
33159170
4278581248
4228122113
4177787136
16317444
4244897277
4177984505
83755526
4211276038
50199554
4261673215
4177067266
116980741
4261674241
117243135
66846470
16383997
4294444291
4245092858
4227662596
50070781
50199295
4210557954
4177198079
4211341822
196612
4194565115
4278452477
4261216512
4211473916
67173112
33945600
4160945150
4210884348
50132992
84148985
4227990777
4227858942
33095679
66585603
67240189
16710662
16644863
4227988476
16909304
67107580
33949437
4261740537
16710658
4261477126
4211015172
4160815618
100465660
4278257151
4294641157
326909
66650621
4194172159
4278386938
50789368
4210751996
4210688511
4244700670
4244439295
83362306
4245030402
4277666054
4294770944
4244372740
83429116
16646392
4245029638
50266882
17104638
4277798147
391424
67368962
100399878
4294837497
4211016189
4210557958
100730364
100794884
4211407874
4194302467
4261479931
16646904
4177658112
117439999
100727034
83952126
4177854725
4261214211
50526725
100336639
4228317179
67238913
4211538694
4278321144
4227923967
17169401
4211475454
65275
83821561
16777221
4278452997
49939713
100140545
4261346564
100206084
4177524739
100140799
16647166
4244241151
117177092
4227334909
50332415
4278584315
4278319355
4193976325
4278648323
4194302726
4278320902
33489406
33618172
4177524742
4194434809
33292542
117112826
49939714
83755004
4228119032
17039353
84017666
4210884867
4227922431
4210951428
50398460
66910459
261881
4244112382
33945861
4194041850
67042045
4278584313
4211539201
33881087
50068731
100465154
67172856
49873148
50199550
4261544958
67238907
49874168
100793337
100203777
65529
84215294
4177526524
4193780990
117048322
4194173442
64761
4244504581
17171969
4194761464
100924165
4194304507
100664568
101057792
50134276
49937669
16906244
4194369022
4194567418
100663301
50133765
83688952
4177264383
4194236677
67238659
50526981
4244702206
67503103
4211082501
4194762500
4210751749
4161141498
4261739268
4194172166
4245030403
4294443512
4193844738
50526719
4194564611
83886854
4211080188
100530182
4194697211
261892
100204544
4244570107
4278124036
4244699645
327939
4227794437
328193
4194042374
4261609988
16647422
4278518011
100464641
4294572291
33095429
4244765180
50332162
4244571141
4244176899
4194303488
33487876
4211278076
4211277052
17103619
4210950912
391678
4227923972
16254206
4261675770
16647174
33489404
66978310
4227465218
4177723132
4227987706
50330117
4294638847
33095171
83559430
4244306681
17037819
66648065
4177065986
4177984766
50529785
4193977605
66649338
4244962556
4227729149
4244831238
4160944632
50658298
33161984
16646659
100727811
4210950912
117243644
66651130
49874424
4160751356
4294768640
4177328379
4194367738
100269825
4160944641
67567099
33945602
4294902017
4294444027
4194499580
4278059261
83624962
4278190072
67107066
84211960
4161140985
84281081
83688710
4261216766
4294572282
16713466
4278189316
4177394938
84083712
4211014650
4261346811
50200314
4244699902
4161142783
33620219
4294639354
4160944383
67372026
4193974528
67175682
33555708
116983292
4245093374
4278385155
83493121
100858873
4261412352
4177984250
4160945411
4194370305
83820797
16971781
4210949881
4294834690
100597498
66649084
16711929
4244306435
4244571643
83884545
17105656
33490683
4193843972
50660857
4211276795
4261021438
16254203
4244635395
4177328131
33161990
33161212
4227398905
84081915
4177725178
4211538694
4244898822
4278387454
4294706691
67501314
117179900
4244636671
4211279356
4210622981
33160188
4210882566
4194632708
117047814
4194499835
4210558204
49873659
4211407617
4294772472
4177788154
394756
4277862661
4278583288
49937158
4244635142
1285
100139523
100203768
4261806335
33948672
66978810
67566079
17038841
16777734
4277666810
4278320635
4177592061
4194564862
4227334150
4194172416
50592768
4210752517
4194436860
4194303226
4160946435
50594820
33094662
4211212794
4244306173
49937923
84279033
4244437497
4244831998
17102852
33291776
4228316155
16973823
50068226
4227922681
100532742
4261152252
33160448
50067462
116983294
327931
16447745
4294967034
4278386428
261115
4244504067
4244241405
4294510333
4228315647
33424891
4227859965
4228054269
4193846784
4245092607
84343558
50660608
33030916
100465917
4194368259
50134269
100662274
4261870854
4294770684
101055746
100662522
4177198329
4294706171
83560186
100926200
66977788
4227661318
83426814
4194305536
33816568
83622660
67566844
4210686461
4227857147
4210557184
33817337
83559428
4161141759
33621759
33620741
100530948
4211343864
4211276793
33421828
50265087
4177985020
4278124540
4211146244
33487106
4277926399
4294639365
4194632709
16909822
4278126072
33687046
16448766
393732
4244438017
4161207033
4244506105
67238659
4228316408
4228315902
4294966782
4228187385
67369986
4244570619
4227924984
50068218
4294771457
33488134
4244634372
4177198075
66847747
83426558
66979076
4210557180
100336128
4278191608
197627
33947130
66648322
83687424
4228118780
117176574
4193844997
4228250627
50133243
4228316414
4177658367
84212733
101056518
4294703363
4261281536
50331650
4194564611
130047
4194170886
4161076483
100792578
16712704
17103359
116980988
4211539198
4278322941
50332931
4227925240
4278322435
4244175609
4161206276
83624955
16385788
33684478
4228054018
4177132795
50264313
4210950394
4177198084
4177200385
4244766205
66913531
4261347578
4194237180
4278058499
4294640382
33224964
4194565116
66585598
4294508802
4294573055
4261479932
4227531768
100597247
4211279107
4261215743
4278058489
67110393
4244768250
67372792
4294508031
4261741829
4194499581
4160878850
33553916
4244111618
4193908990
4244373766
16776962
33424895
33752326
4278584068
33293051
4194042619
4227925500
117244674
4228053251
100991493
4261477117
16842757
83950074
117374466
66714618
67043332
4244833273
67042558
456957
4211475462
65540
50660350
66648069
4294444541
4193975807
4177853950
4194237433
4227597574
4211212287
4244178179
4260952326
100729857
4277730306
4244964358
4211016447
16385283
262395
4194695423
67174399
117375739
4294508547
16712195
4261149446
16382467
4210883838
4177460732
17039352
4261608448
50463738
263676
16382712
4278123516
16384260
84343811
67305986
4194761984
4261610233
4194435835
4160813827
4277861886
4227594748
4194040826
4194171642
4244635385
100793862
4277992957
117242882
67304954
67434500
4278386688
4194566648
83821058
4278319615
4260952571
4278255617
50658053
4244701950
116982528
4194107138
4228053498
4177264380
16777726
4227856902
4294572795
4277862911
4261805313
4210885381
4193781242
66845948
4177594110
4244765184
117376767
4177657858
4227922181
50788607
4211014653
4228315140
4227464452
4211147770
4211409924
17170427
4278584060
33095675
33947647
4177983738
4244175097
4194304507
4194240006
4261479941
4177395710
33423362
84147453
33617924
33357310
4177593341
4177397501
4261411076
4228056581
16907524
196605
4294836223
100796159
100333568
17170168
67566075
49873658
4227857926
33488894
16385026
4210817792
4177132031
4261739003
4277729541
4261741313
4261742083
100203263
100597245
66648315
66651390
66651652
16383737
4177134587
33096703
67566339
4227792639
4261150213
4193909241
4177069318
4261280504
4261149187
4278191360
4261148675
4194632192
4261676038
4260953855
4244571640
117179643
4211343878
4244503032
16777468
67108088
4210755321
4177854456
33555969
16711930
4161142524
100335864
4278516740
49807608
50593016
4244372984
4294508798
100334853
16253946
4211343864
83556857
100727041
4211410684
100990463
4194108931
67306752
4161144568
4244177670
129529
4177395448
4227529730
67238138
4261217797
33359610
100792326
4278255870
4193844990
4210949634
393466
4244503293
4210689537
4177198073
67369214
456710
4294834435
117376764
4244502778
4261478144
4261215494
66648321
4194040067
67502336
4228316164
4294705922
4278321404
4177659646
4261216504
33948667
33292283
16645382
50330362
4228249848
100729082
4244176637
4244962815
4227925496
100336641
4211146748
100661504
4244241926
67044091
4194368515
4261217798
66979064
4227397633
4260952325
33489155
83691011
4194171903
100727546
4261411581
4294768892
33225471
4210883068
100596729
50199547
4211474433
4194239739
4161078782
196865
100335107
50264576
100401668
4261738748
4210623745
50070278
4210755074
16450556
4261347579
17170693
100530689
4294573061
4261084922
4211014907
4278583544
4211407110
4177919741
4193912066
4261609987
83884537
117112572
33554691
50657532
50198532
4227597314
4177985286
83690240
16778750
4261608962
16317182
458237
84082182
83950078
4261346821
4160947707
4261739522
100468477
84277759
16840957
66979324
4211474170
50723074
100596224
101054465
4277991938
4294510078
4294574340
4227794426
4244634626
83363077
4160815876
4210883589
456965
66844932
67304704
100335609
83687674
4278647556
33095937
4227989245
4244309248
4260955131
4177461508
66779900
4194304251
50462717
50004230
4211408385
4177265922
4194041339
50004987
4294838011
4194304508
4244244220
67110146
4244111361
4160946172
66780921
16450566
4210621185
4160750585
4244768504
4211475452
4261675514
4294706179
67368964
4244243973
4227857405
4244568582
84018432
4227988478
4194302723
100399867
4193911298
100400126
50331394
50528251
100727555
116979970
4177394171
66649091
33619712
4161144069
100270851
4244177413
83950592
4194631173
4227335677
16907772
50199545
4193910021
33816317
100271361
50593285
100924152
4294966778
4177789437
4227597308
67238910
83491071
391173
4177394690
117242625
83819514
66845444
4261149180
83949821
4261018114
17103096
4228054532
84279813
66717185
33815546
84279033
4194761730
4277666308
16908538
4194238201
33750522
4278124282
67369208
49873670
16384514
50788356
4177263868
4261741830
4278059771
33292793
4177459462
4160814078
4194631425
83688966
100533251
132095
4278321405
117307901
33224963
4278255871
4227595515
83622651
4194567420
100205568
4211409913
67238656
4193975807
456966
4278583808
4194370553
117308165
84149496
391169
4194433024
116983035
4278453501
4294965764
100596486
4227595768
83952125
1538
4160947712
16646907
16450304
4244178680
83559931
50068736
4228186106
129286
4228184825
4194761722
50134781
198145
4211472385
4194305277
16252930
117310467
4193779971
4227596285
4278191109
100533763
4211276024
4210754558
50136582
4278516477
4261414139
4210688761
4227989245
4194697212
4244700665
4194369538
50529277
66715386
4194699000
100399618
1785
67371771
4211015679
4244373498
4177266172
67436796
100726790
4177067781
4211014905
4244308996
4244962822
4294573565
33224961
117046020
4227399428
4211014149
50461184
4177460734
4277795078
16909055
4177199612
4277730553
4227531769
4227465217
50723841
67369727
4194107653
4194041338
50527235
16906492
17037316
4194368772
16450555
4160814329
33620992
4261215992
4244438521
67240952
4211145471
50658809
67108351
16382723
4193780736
33291267
4244175622
4244241921
4227659778
4177004037
4261543164
100924931
50660613
16451068
67436280
83821816
4194304251
117177859
4227987462
33619196
67044601
16909309
4294966273
4194501638
16711170
4161079033
4160815365
50593538
4227597048
49938693
16253951
100926970
67435770
50002172
50396153
83755002
83884537
4194695169
4244439038
4227400195
4261869572
4278581764
100923398
4244702712
4177528064
33356036
117374459
4244570878
4261019903
4244437496
100533506
117178366
4211473926
83885830
100991238
4260953343
4177328384
4211409402
50463238
4244831486
67042298
84081917
4210817277
4228053509
16516351
4278189058
4227529728
4160947199
4278190591
4210622723
17235450
4277666559
4294509059
100795397
4177132035
4227594758
4211278846
50723580
4161141245
100402940
84017925
49807865
4261413888
4278255360
4177659132
33292542
67369478
326136
100990460
83952388
4210752518
17040387
4160881151
117374978
33488639
17234425
101055233
4211277564
4211212548
16775676
4211145217
4294837244
4161141766
16582138
67303933
4177396478
100858364
4228121600
84148986
4244964358
4227857912
17105926
100271622
84342787
4177984261
4245028859
4210751737
50461186
83952380
66586118
4211277828
16776198
100662021
4294901240
66716932
4210622468
4228120831
4177527043
33684476
4210620930
16910077
100269055
4227729150
83820793
4177919747
100531461
4211079933
4294899963
16382208
50529280
66912767
4244635388
4294508792
16908287
4177593338
261372
4244830979
84277498
100205560
83362815
100401408
4160880889
4210885382
84280830
4194370555
100139773
16841221
4228120059
16646911
196868
66845693
4261150465
4194108932
117114118
4160815612
84083960
100792325
4177067521
84214523
33095928
4177265146
4277991682
4278321148
66651397
4244765693
4228118528
4244635897
117112313
4177331709
33817090
50265342
4277926652
4194369794
33817084
4244767238
67372549
4277994240
100203772
16253695
4277862139
4193911549
67044098
33816825
84147716
4177459709
4211210502
4194499333
4211342084
4227596549
17104639
4211013880
66848256
4194370559
4210949113
117180154
83753477
4194633218
4177528573
4244896774
4161206784
4210753272
33160963
66846725
66913285
4278451711
4277860856
17235202
100337401
67435262
50396421
4228121858
117245181
83885052
4193977596
4294637825
4227728897
4277731071
4211475971
328708
4294903291
4277732352
4177265656
67238392
4210755327
83362813
33293562
4211277826
49872896
4194042366
33945860
4294900736
33818363
49938684
100533496
101054714
67109379
33162500
4294769155
4294900230
100598275
101056514
260606
4227399167
4277929212
4278647556
4228316420
50069509
4194041850
17105922
33555707
4161012734
4294706177
4244964098
4260888827
4227595778
16645371
4261477637
4177722629
4161144319
117309177
84149245
66978044
4244569599
4194695420
4227464701
4177264387
33292795
50529017
4260889092
117308415
4211475969
83622649
391168
17106683
16448000
100794115
4193844479
83491578
63743
4278255363
4161077249
4177723139
83623675
4194434302
50267132
16646406
4228251642
83818755
4160882168
4277861115
83426310
67502072
4244178175
67566075
16450562
117310209
261624
49940222
50595075
33882117
83427070
16515320
4210754045
117179904
4278386171
117309954
4294572291
4210950406
84018174
4261806853
67369464
64766
16841724
196095
83559683
4193911806
50659069
84215300
4177918969
4211017218
4177789946
33359608
33359365
16451070
83493381
16909313
84278780
100335610
66716413
83425539
4261870854
4260955642
4211015416
4211276285
4194633213
4211410435
4194238465
100730115
67436290
50331649
4177265403
83819007
100796153
100466691
4244504061
50461180
4227794176
4244506117
33162754
16975108
261629
4210820604
84083714
4177462528
116983292
4211147516
4294769403
1789
4278452735
50134786
4193780738
16254714
4194697724
4210753024
4160880381
4194697983
4193780482
84080900
4244831743
4194105860
16974333
4261151234
4211279364
4193977596
4177657337
4278583043
4193912059
67042555
84082940
4294639621
198148
4194567416
16448251
195832
4278124291
50002170
67305213
16646651
16841478
4211279102
4211279107
66782213
4261739006
101055993
117114104
4294509053
4210751737
4194500605
4294574586
4194172933
4261607678
33227514
4194040836
116916993
4161012473
4278123265
16842490
33359100
4194042110
66051
4177593861
4244437757
4227595778