117177094
4211211268
4278452731
4161078521
67566852
49937407
4261741314
4228053502
16843266
4294770691
83950074
100925181
4210949117
4194303742
4211014137
4177525755
4261216259
16514564
16841732
67369464
4261218042
33880065
4211475451
4211343108
4277927676
33552888
4194108152
33686523
83822334
117112830
4278452473
4177199365
33162501
66820
4211017211
4261152505
100924920
4177594111
4261675774
83887365
4244700155
4194436088
16319485
50593020
4244178182
4278581505
4261804793
4261085444
100270598
4260952319
33356030
16514047
33095418
4211277830
4261740280
4261281797
4260889349
4211079172
4244570360
4211017213
4210685955
16514819
4245027076
4211080451
100206330
4245027331
4227398904
4211016443
4244373499
4227925499
84344314
50462204
67436027
4160947718
117372928
33553150
4244700675
67238402
100661510
33683717
4227464963
33422851
50463232
66847750
4177003781
33686789
67172355
4194367748
84082944
66717189
4294640378
4294443013
50201855
50659845
4211080445
4244764675
67303429
4278190845
4261149947
326397
117112319
4244964602
4177263876
100335871
4261673982
33686008
17170426
4194040837
117178886
4194042117
4278190594
117111555
4177854712
4210884613
17170170
4193909510
4211016955
67565574
4194042109
84016889
198398
4227922431
4294903042
4277861370
117113862
4194173433
83425534
4261149188